T
53
4
10.000000 10.000000 0.000000 0.000000 0.000000 1.000000 0.000000 0.000000
230.000000 10.000000 0.000000 0.000000 0.000000 1.000000 1.000000 0.000000
230.000000 160.000000 0.000000 0.000000 0.000000 1.000000 1.000000 1.000000
10.000000 160.000000 0.000000 0.000000 0.000000 1.000000 0.000000 1.000000
4
10.000000 160.000000 50.000000 0.000000 0.000000 -1.000000 0.000000 0.000000
230.000000 160.000000 50.000000 0.000000 0.000000 -1.000000 1.000000 0.000000
230.000000 10.000000 50.000000 0.000000 0.000000 -1.000000 1.000000 1.000000
10.000000 10.000000 50.000000 0.000000 0.000000 -1.000000 0.000000 1.000000
4
15.000000 15.000000 0.000000 0.000000 0.000000 1.000000 0.000000 0.000000
225.000000 15.000000 0.000000 0.000000 0.000000 1.000000 1.000000 0.000000
225.000000 155.000000 0.000000 0.000000 0.000000 1.000000 1.000000 1.000000
15.000000 155.000000 0.000000 0.000000 0.000000 1.000000 0.000000 1.000000
4
15.000000 155.000000 50.000000 0.000000 0.000000 -1.000000 0.000000 0.000000
225.000000 155.000000 50.000000 0.000000 0.000000 -1.000000 1.000000 0.000000
225.000000 15.000000 50.000000 0.000000 0.000000 -1.000000 1.000000 1.000000
15.000000 15.000000 50.000000 0.000000 0.000000 -1.000000 0.000000 1.000000
4
10.000000 160.000000 0.000000 -1.000000 0.000000 0.000000 0.000000 0.000000
10.000000 10.000000 0.000000 -1.000000 0.000000 0.000000 1.000000 0.000000
10.000000 10.000000 50.000000 -1.000000 0.000000 0.000000 1.000000 1.000000
10.000000 160.000000 50.000000 -1.000000 0.000000 0.000000 0.000000 1.000000
4
230.000000 10.000000 0.000000 1.000000 0.000000 0.000000 0.000000 0.000000
230.000000 160.000000 0.000000 1.000000 0.000000 0.000000 1.000000 0.000000
230.000000 160.000000 50.000000 1.000000 0.000000 0.000000 1.000000 1.000000
230.000000 10.000000 50.000000 1.000000 0.000000 0.000000 0.000000 1.000000
4
10.000000 10.000000 0.000000 0.000000 -1.000000 0.000000 0.000000 0.000000
230.000000 10.000000 0.000000 0.000000 -1.000000 0.000000 1.000000 0.000000
230.000000 10.000000 50.000000 0.000000 -1.000000 0.000000 1.000000 1.000000
10.000000 10.000000 50.000000 0.000000 -1.000000 0.000000 0.000000 1.000000
4
230.000000 160.000000 0.000000 0.000000 1.000000 0.000000 0.000000 0.000000
10.000000 160.000000 0.000000 0.000000 1.000000 0.000000 1.000000 0.000000
10.000000 160.000000 50.000000 0.000000 1.000000 0.000000 1.000000 1.000000
230.000000 160.000000 50.000000 0.000000 1.000000 0.000000 0.000000 1.000000
4
15.000000 15.000000 0.000000 1.000000 0.000000 0.000000 0.000000 0.000000
15.000000 155.000000 0.000000 1.000000 0.000000 0.000000 1.000000 0.000000
15.000000 155.000000 50.000000 1.000000 0.000000 0.000000 1.000000 1.000000
15.000000 15.000000 50.000000 1.000000 0.000000 0.000000 0.000000 1.000000
4
225.000000 155.000000 0.000000 -1.000000 0.000000 0.000000 0.000000 0.000000
225.000000 15.000000 0.000000 -1.000000 0.000000 0.000000 1.000000 0.000000
225.000000 15.000000 50.000000 -1.000000 0.000000 0.000000 1.000000 1.000000
225.000000 155.000000 50.000000 -1.000000 0.000000 0.000000 0.000000 1.000000
4
225.000000 15.000000 0.000000 0.000000 1.000000 0.000000 0.000000 0.000000
15.000000 15.000000 0.000000 0.000000 1.000000 0.000000 1.000000 0.000000
15.000000 15.000000 50.000000 0.000000 1.000000 0.000000 1.000000 1.000000
225.000000 15.000000 50.000000 0.000000 1.000000 0.000000 0.000000 1.000000
4
15.000000 155.000000 0.000000 0.000000 -1.000000 0.000000 0.000000 0.000000
225.000000 155.000000 0.000000 0.000000 -1.000000 0.000000 1.000000 0.000000
225.000000 155.000000 50.000000 0.000000 -1.000000 0.000000 1.000000 1.000000
15.000000 155.000000 50.000000 0.000000 -1.000000 0.000000 0.000000 1.000000
4
15.000000 60.000000 0.000000 0.000000 -1.000000 0.000000 0.000000 0.000000
55.000000 60.000000 0.000000 0.000000 -1.000000 0.000000 1.000000 0.000000
55.000000 60.000000 50.000000 0.000000 -1.000000 0.000000 1.000000 1.000000
15.000000 60.000000 50.000000 0.000000 -1.000000 0.000000 0.000000 1.000000
4
55.000000 30.000000 0.000000 0.000000 -1.000000 0.000000 0.000000 0.000000
60.000000 30.000000 0.000000 0.000000 -1.000000 0.000000 1.000000 0.000000
60.000000 30.000000 50.000000 0.000000 -1.000000 0.000000 1.000000 1.000000
55.000000 30.000000 50.000000 0.000000 -1.000000 0.000000 0.000000 1.000000
4
120.000000 25.000000 0.000000 0.000000 -1.000000 0.000000 0.000000 0.000000
125.000000 25.000000 0.000000 0.000000 -1.000000 0.000000 1.000000 0.000000
125.000000 25.000000 50.000000 0.000000 -1.000000 0.000000 1.000000 1.000000
120.000000 25.000000 50.000000 0.000000 -1.000000 0.000000 0.000000 1.000000
4
205.000000 35.000000 0.000000 0.000000 -1.000000 0.000000 0.000000 0.000000
225.000000 35.000000 0.000000 0.000000 -1.000000 0.000000 1.000000 0.000000
225.000000 35.000000 50.000000 0.000000 -1.000000 0.000000 1.000000 1.000000
205.000000 35.000000 50.000000 0.000000 -1.000000 0.000000 0.000000 1.000000
4
125.000000 50.000000 0.000000 0.000000 -1.000000 0.000000 0.000000 0.000000
165.000000 50.000000 0.000000 0.000000 -1.000000 0.000000 1.000000 0.000000
165.000000 50.000000 50.000000 0.000000 -1.000000 0.000000 1.000000 1.000000
125.000000 50.000000 50.000000 0.000000 -1.000000 0.000000 0.000000 1.000000
4
100.000000 75.000000 0.000000 0.000000 -1.000000 0.000000 0.000000 0.000000
115.000000 75.000000 0.000000 0.000000 -1.000000 0.000000 1.000000 0.000000
115.000000 75.000000 50.000000 0.000000 -1.000000 0.000000 1.000000 1.000000
100.000000 75.000000 50.000000 0.000000 -1.000000 0.000000 0.000000 1.000000
4
135.000000 85.000000 0.000000 0.000000 -1.000000 0.000000 0.000000 0.000000
195.000000 85.000000 0.000000 0.000000 -1.000000 0.000000 1.000000 0.000000
195.000000 85.000000 50.000000 0.000000 -1.000000 0.000000 1.000000 1.000000
135.000000 85.000000 50.000000 0.000000 -1.000000 0.000000 0.000000 1.000000
4
30.000000 110.000000 0.000000 0.000000 -1.000000 0.000000 0.000000 0.000000
65.000000 110.000000 0.000000 0.000000 -1.000000 0.000000 1.000000 0.000000
65.000000 110.000000 50.000000 0.000000 -1.000000 0.000000 1.000000 1.000000
30.000000 110.000000 50.000000 0.000000 -1.000000 0.000000 0.000000 1.000000
4
65.000000 95.000000 0.000000 0.000000 -1.000000 0.000000 0.000000 0.000000
70.000000 95.000000 0.000000 0.000000 -1.000000 0.000000 1.000000 0.000000
70.000000 95.000000 50.000000 0.000000 -1.000000 0.000000 1.000000 1.000000
65.000000 95.000000 50.000000 0.000000 -1.000000 0.000000 0.000000 1.000000
4
70.000000 120.000000 0.000000 0.000000 -1.000000 0.000000 0.000000 0.000000
150.000000 120.000000 0.000000 0.000000 -1.000000 0.000000 1.000000 0.000000
150.000000 120.000000 50.000000 0.000000 -1.000000 0.000000 1.000000 1.000000
70.000000 120.000000 50.000000 0.000000 -1.000000 0.000000 0.000000 1.000000
4
180.000000 105.000000 0.000000 0.000000 -1.000000 0.000000 0.000000 0.000000
185.000000 105.000000 0.000000 0.000000 -1.000000 0.000000 1.000000 0.000000
185.000000 105.000000 50.000000 0.000000 -1.000000 0.000000 1.000000 1.000000
180.000000 105.000000 50.000000 0.000000 -1.000000 0.000000 0.000000 1.000000
4
185.000000 130.000000 0.000000 0.000000 -1.000000 0.000000 0.000000 0.000000
210.000000 130.000000 0.000000 0.000000 -1.000000 0.000000 1.000000 0.000000
210.000000 130.000000 50.000000 0.000000 -1.000000 0.000000 1.000000 1.000000
185.000000 130.000000 50.000000 0.000000 -1.000000 0.000000 0.000000 1.000000
4
60.000000 65.000000 0.000000 0.000000 1.000000 0.000000 0.000000 0.000000
15.000000 65.000000 0.000000 0.000000 1.000000 0.000000 1.000000 0.000000
15.000000 65.000000 50.000000 0.000000 1.000000 0.000000 1.000000 1.000000
60.000000 65.000000 50.000000 0.000000 1.000000 0.000000 0.000000 1.000000
4
115.000000 80.000000 0.000000 0.000000 1.000000 0.000000 0.000000 0.000000
95.000000 80.000000 0.000000 0.000000 1.000000 0.000000 1.000000 0.000000
95.000000 80.000000 50.000000 0.000000 1.000000 0.000000 1.000000 1.000000
115.000000 80.000000 50.000000 0.000000 1.000000 0.000000 0.000000 1.000000
4
165.000000 55.000000 0.000000 0.000000 1.000000 0.000000 0.000000 0.000000
120.000000 55.000000 0.000000 0.000000 1.000000 0.000000 1.000000 0.000000
120.000000 55.000000 50.000000 0.000000 1.000000 0.000000 1.000000 1.000000
165.000000 55.000000 50.000000 0.000000 1.000000 0.000000 0.000000 1.000000
4
225.000000 40.000000 0.000000 0.000000 1.000000 0.000000 0.000000 0.000000
205.000000 40.000000 0.000000 0.000000 1.000000 0.000000 1.000000 0.000000
205.000000 40.000000 50.000000 0.000000 1.000000 0.000000 1.000000 1.000000
225.000000 40.000000 50.000000 0.000000 1.000000 0.000000 0.000000 1.000000
4
195.000000 90.000000 0.000000 0.000000 1.000000 0.000000 0.000000 0.000000
135.000000 90.000000 0.000000 0.000000 1.000000 0.000000 1.000000 0.000000
135.000000 90.000000 50.000000 0.000000 1.000000 0.000000 1.000000 1.000000
195.000000 90.000000 50.000000 0.000000 1.000000 0.000000 0.000000 1.000000
4
65.000000 115.000000 0.000000 0.000000 1.000000 0.000000 0.000000 0.000000
30.000000 115.000000 0.000000 0.000000 1.000000 0.000000 1.000000 0.000000
30.000000 115.000000 50.000000 0.000000 1.000000 0.000000 1.000000 1.000000
65.000000 115.000000 50.000000 0.000000 1.000000 0.000000 0.000000 1.000000
4
145.000000 125.000000 0.000000 0.000000 1.000000 0.000000 0.000000 0.000000
70.000000 125.000000 0.000000 0.000000 1.000000 0.000000 1.000000 0.000000
70.000000 125.000000 50.000000 0.000000 1.000000 0.000000 1.000000 1.000000
145.000000 125.000000 50.000000 0.000000 1.000000 0.000000 0.000000 1.000000
4
150.000000 140.000000 0.000000 0.000000 1.000000 0.000000 0.000000 0.000000
145.000000 140.000000 0.000000 0.000000 1.000000 0.000000 1.000000 0.000000
145.000000 140.000000 50.000000 0.000000 1.000000 0.000000 1.000000 1.000000
150.000000 140.000000 50.000000 0.000000 1.000000 0.000000 0.000000 1.000000
4
210.000000 135.000000 0.000000 0.000000 1.000000 0.000000 0.000000 0.000000
185.000000 135.000000 0.000000 0.000000 1.000000 0.000000 1.000000 0.000000
185.000000 135.000000 50.000000 0.000000 1.000000 0.000000 1.000000 1.000000
210.000000 135.000000 50.000000 0.000000 1.000000 0.000000 0.000000 1.000000
4
55.000000 60.000000 0.000000 -1.000000 0.000000 0.000000 0.000000 0.000000
55.000000 30.000000 0.000000 -1.000000 0.000000 0.000000 1.000000 0.000000
55.000000 30.000000 50.000000 -1.000000 0.000000 0.000000 1.000000 1.000000
55.000000 60.000000 50.000000 -1.000000 0.000000 0.000000 0.000000 1.000000
4
95.000000 80.000000 0.000000 -1.000000 0.000000 0.000000 0.000000 0.000000
95.000000 15.000000 0.000000 -1.000000 0.000000 0.000000 1.000000 0.000000
95.000000 15.000000 50.000000 -1.000000 0.000000 0.000000 1.000000 1.000000
95.000000 80.000000 50.000000 -1.000000 0.000000 0.000000 0.000000 1.000000
4
120.000000 55.000000 0.000000 -1.000000 0.000000 0.000000 0.000000 0.000000
120.000000 25.000000 0.000000 -1.000000 0.000000 0.000000 1.000000 0.000000
120.000000 25.000000 50.000000 -1.000000 0.000000 0.000000 1.000000 1.000000
120.000000 55.000000 50.000000 -1.000000 0.000000 0.000000 0.000000 1.000000
4
165.000000 85.000000 0.000000 -1.000000 0.000000 0.000000 0.000000 0.000000
165.000000 15.000000 0.000000 -1.000000 0.000000 0.000000 1.000000 0.000000
165.000000 15.000000 50.000000 -1.000000 0.000000 0.000000 1.000000 1.000000
165.000000 85.000000 50.000000 -1.000000 0.000000 0.000000 0.000000 1.000000
4
205.000000 40.000000 0.000000 -1.000000 0.000000 0.000000 0.000000 0.000000
205.000000 35.000000 0.000000 -1.000000 0.000000 0.000000 1.000000 0.000000
205.000000 35.000000 50.000000 -1.000000 0.000000 0.000000 1.000000 1.000000
205.000000 40.000000 50.000000 -1.000000 0.000000 0.000000 0.000000 1.000000
4
135.000000 90.000000 0.000000 -1.000000 0.000000 0.000000 0.000000 0.000000
135.000000 85.000000 0.000000 -1.000000 0.000000 0.000000 1.000000 0.000000
135.000000 85.000000 50.000000 -1.000000 0.000000 0.000000 1.000000 1.000000
135.000000 90.000000 50.000000 -1.000000 0.000000 0.000000 0.000000 1.000000
4
30.000000 115.000000 0.000000 -1.000000 0.000000 0.000000 0.000000 0.000000
30.000000 110.000000 0.000000 -1.000000 0.000000 0.000000 1.000000 0.000000
30.000000 110.000000 50.000000 -1.000000 0.000000 0.000000 1.000000 1.000000
30.000000 115.000000 50.000000 -1.000000 0.000000 0.000000 0.000000 1.000000
4
65.000000 155.000000 0.000000 -1.000000 0.000000 0.000000 0.000000 0.000000
65.000000 95.000000 0.000000 -1.000000 0.000000 0.000000 1.000000 0.000000
65.000000 95.000000 50.000000 -1.000000 0.000000 0.000000 1.000000 1.000000
65.000000 155.000000 50.000000 -1.000000 0.000000 0.000000 0.000000 1.000000
4
145.000000 140.000000 0.000000 -1.000000 0.000000 0.000000 0.000000 0.000000
145.000000 125.000000 0.000000 -1.000000 0.000000 0.000000 1.000000 0.000000
145.000000 125.000000 50.000000 -1.000000 0.000000 0.000000 1.000000 1.000000
145.000000 140.000000 50.000000 -1.000000 0.000000 0.000000 0.000000 1.000000
4
180.000000 155.000000 0.000000 -1.000000 0.000000 0.000000 0.000000 0.000000
180.000000 105.000000 0.000000 -1.000000 0.000000 0.000000 1.000000 0.000000
180.000000 105.000000 50.000000 -1.000000 0.000000 0.000000 1.000000 1.000000
180.000000 155.000000 50.000000 -1.000000 0.000000 0.000000 0.000000 1.000000
4
60.000000 30.000000 0.000000 1.000000 0.000000 0.000000 0.000000 0.000000
60.000000 65.000000 0.000000 1.000000 0.000000 0.000000 1.000000 0.000000
60.000000 65.000000 50.000000 1.000000 0.000000 0.000000 1.000000 1.000000
60.000000 30.000000 50.000000 1.000000 0.000000 0.000000 0.000000 1.000000
4
115.000000 75.000000 0.000000 1.000000 0.000000 0.000000 0.000000 0.000000
115.000000 80.000000 0.000000 1.000000 0.000000 0.000000 1.000000 0.000000
115.000000 80.000000 50.000000 1.000000 0.000000 0.000000 1.000000 1.000000
115.000000 75.000000 50.000000 1.000000 0.000000 0.000000 0.000000 1.000000
4
100.000000 15.000000 0.000000 1.000000 0.000000 0.000000 0.000000 0.000000
100.000000 75.000000 0.000000 1.000000 0.000000 0.000000 1.000000 0.000000
100.000000 75.000000 50.000000 1.000000 0.000000 0.000000 1.000000 1.000000
100.000000 15.000000 50.000000 1.000000 0.000000 0.000000 0.000000 1.000000
4
125.000000 25.000000 0.000000 1.000000 0.000000 0.000000 0.000000 0.000000
125.000000 50.000000 0.000000 1.000000 0.000000 0.000000 1.000000 0.000000
125.000000 50.000000 50.000000 1.000000 0.000000 0.000000 1.000000 1.000000
125.000000 25.000000 50.000000 1.000000 0.000000 0.000000 0.000000 1.000000
4
170.000000 15.000000 0.000000 1.000000 0.000000 0.000000 0.000000 0.000000
170.000000 85.000000 0.000000 1.000000 0.000000 0.000000 1.000000 0.000000
170.000000 85.000000 50.000000 1.000000 0.000000 0.000000 1.000000 1.000000
170.000000 15.000000 50.000000 1.000000 0.000000 0.000000 0.000000 1.000000
4
195.000000 85.000000 0.000000 1.000000 0.000000 0.000000 0.000000 0.000000
195.000000 90.000000 0.000000 1.000000 0.000000 0.000000 1.000000 0.000000
195.000000 90.000000 50.000000 1.000000 0.000000 0.000000 1.000000 1.000000
195.000000 85.000000 50.000000 1.000000 0.000000 0.000000 0.000000 1.000000
4
70.000000 95.000000 0.000000 1.000000 0.000000 0.000000 0.000000 0.000000
70.000000 155.000000 0.000000 1.000000 0.000000 0.000000 1.000000 0.000000
70.000000 155.000000 50.000000 1.000000 0.000000 0.000000 1.000000 1.000000
70.000000 95.000000 50.000000 1.000000 0.000000 0.000000 0.000000 1.000000
4
150.000000 120.000000 0.000000 1.000000 0.000000 0.000000 0.000000 0.000000
150.000000 140.000000 0.000000 1.000000 0.000000 0.000000 1.000000 0.000000
150.000000 140.000000 50.000000 1.000000 0.000000 0.000000 1.000000 1.000000
150.000000 120.000000 50.000000 1.000000 0.000000 0.000000 0.000000 1.000000
4
185.000000 105.000000 0.000000 1.000000 0.000000 0.000000 0.000000 0.000000
185.000000 155.000000 0.000000 1.000000 0.000000 0.000000 1.000000 0.000000
185.000000 155.000000 50.000000 1.000000 0.000000 0.000000 1.000000 1.000000
185.000000 105.000000 50.000000 1.000000 0.000000 0.000000 0.000000 1.000000
4
210.000000 130.000000 0.000000 1.000000 0.000000 0.000000 0.000000 0.000000
210.000000 135.000000 0.000000 1.000000 0.000000 0.000000 1.000000 0.000000
210.000000 135.000000 50.000000 1.000000 0.000000 0.000000 1.000000 1.000000
210.000000 130.000000 50.000000 1.000000 0.000000 0.000000 0.000000 1.000000
