N
528
3
0.000000 0.000000 27.000000 0.000000 1.000000 -0.000000
7.517541 0.000000 29.736160 0.000000 1.000000 -0.000000
8.000000 0.000000 27.000000 0.000000 1.000000 -0.000000
3
0.000000 0.000000 27.000000 -0.000000 1.000000 -0.000000
6.128356 0.000000 32.142300 -0.000000 1.000000 -0.000000
7.517541 0.000000 29.736160 -0.000000 1.000000 -0.000000
3
0.000000 0.000000 27.000000 -0.000000 1.000000 -0.000000
4.000000 0.000000 33.928204 -0.000000 1.000000 -0.000000
6.128356 0.000000 32.142300 -0.000000 1.000000 -0.000000
3
0.000000 0.000000 27.000000 -0.000000 1.000000 -0.000000
1.389185 0.000000 34.878464 -0.000000 1.000000 -0.000000
4.000000 0.000000 33.928204 -0.000000 1.000000 -0.000000
3
0.000000 0.000000 27.000000 0.000000 1.000000 -0.000000
-1.389186 0.000000 34.878460 0.000000 1.000000 -0.000000
1.389185 0.000000 34.878464 0.000000 1.000000 -0.000000
3
0.000000 0.000000 27.000000 -0.000000 1.000000 -0.000000
-4.000001 0.000000 33.928204 -0.000000 1.000000 -0.000000
-1.389186 0.000000 34.878460 -0.000000 1.000000 -0.000000
3
0.000000 0.000000 27.000000 0.000000 1.000000 -0.000000
-6.128356 0.000000 32.142300 0.000000 1.000000 -0.000000
-4.000001 0.000000 33.928204 0.000000 1.000000 -0.000000
3
0.000000 0.000000 27.000000 -0.000000 1.000000 -0.000000
-7.517541 0.000000 29.736160 -0.000000 1.000000 -0.000000
-6.128356 0.000000 32.142300 -0.000000 1.000000 -0.000000
3
0.000000 0.000000 27.000000 0.000000 1.000000 -0.000000
-8.000000 -0.000000 26.999998 0.000000 1.000000 -0.000000
-7.517541 0.000000 29.736160 0.000000 1.000000 -0.000000
3
0.000000 0.000000 27.000000 0.000000 1.000000 -0.000000
-7.517540 -0.000000 24.263838 0.000000 1.000000 -0.000000
-8.000000 -0.000000 26.999998 0.000000 1.000000 -0.000000
3
0.000000 0.000000 27.000000 -0.000000 1.000000 -0.000000
-6.128355 -0.000000 21.857698 -0.000000 1.000000 -0.000000
-7.517540 -0.000000 24.263838 -0.000000 1.000000 -0.000000
3
0.000000 0.000000 27.000000 -0.000000 1.000000 -0.000000
-3.999998 -0.000000 20.071796 -0.000000 1.000000 -0.000000
-6.128355 -0.000000 21.857698 -0.000000 1.000000 -0.000000
3
0.000000 0.000000 27.000000 -0.000000 1.000000 -0.000000
-1.389183 -0.000000 19.121538 -0.000000 1.000000 -0.000000
-3.999998 -0.000000 20.071796 -0.000000 1.000000 -0.000000
3
0.000000 0.000000 27.000000 -0.000000 1.000000 -0.000000
1.389188 -0.000000 19.121538 -0.000000 1.000000 -0.000000
-1.389183 -0.000000 19.121538 -0.000000 1.000000 -0.000000
3
0.000000 0.000000 27.000000 0.000000 1.000000 -0.000000
4.000002 -0.000000 20.071798 0.000000 1.000000 -0.000000
1.389188 -0.000000 19.121538 0.000000 1.000000 -0.000000
3
0.000000 0.000000 27.000000 -0.000000 1.000000 -0.000000
6.128357 -0.000000 21.857700 -0.000000 1.000000 -0.000000
4.000002 -0.000000 20.071798 -0.000000 1.000000 -0.000000
3
0.000000 0.000000 27.000000 0.000000 1.000000 -0.000000
7.517542 -0.000000 24.263842 0.000000 1.000000 -0.000000
6.128357 -0.000000 21.857700 0.000000 1.000000 -0.000000
3
0.000000 0.000000 27.000000 0.000000 1.000000 -0.000000
8.000000 0.000000 27.000000 0.000000 1.000000 -0.000000
7.517542 -0.000000 24.263842 0.000000 1.000000 -0.000000
3
8.000000 0.000000 27.000000 0.984808 0.000000 0.173648
7.517541 -0.400000 29.736160 0.984808 0.000000 0.173648
8.000000 -0.400000 27.000000 0.984808 0.000000 0.173648
3
8.000000 0.000000 27.000000 0.984808 0.000000 0.173648
7.517541 0.000000 29.736160 0.984808 0.000000 0.173648
7.517541 -0.400000 29.736160 0.984808 0.000000 0.173648
3
7.517541 0.000000 29.736160 0.866025 0.000000 0.500000
6.128356 -0.400000 32.142300 0.866025 0.000000 0.500000
7.517541 -0.400000 29.736160 0.866025 0.000000 0.500000
3
7.517541 0.000000 29.736160 0.866025 0.000000 0.500000
6.128356 0.000000 32.142300 0.866025 0.000000 0.500000
6.128356 -0.400000 32.142300 0.866025 0.000000 0.500000
3
6.128356 0.000000 32.142300 0.642788 0.000000 0.766044
4.000000 -0.400000 33.928204 0.642788 0.000000 0.766044
6.128356 -0.400000 32.142300 0.642788 0.000000 0.766044
3
6.128356 0.000000 32.142300 0.642788 0.000000 0.766044
4.000000 0.000000 33.928204 0.642788 0.000000 0.766044
4.000000 -0.400000 33.928204 0.642788 0.000000 0.766044
3
4.000000 0.000000 33.928204 0.342021 0.000000 0.939692
1.389185 -0.399999 34.878464 0.342021 0.000000 0.939692
4.000000 -0.400000 33.928204 0.342021 0.000000 0.939692
3
4.000000 0.000000 33.928204 0.342021 0.000000 0.939692
1.389185 0.000000 34.878464 0.342021 0.000000 0.939692
1.389185 -0.399999 34.878464 0.342021 0.000000 0.939692
3
1.389185 0.000000 34.878464 -0.000001 0.000000 1.000000
-1.389186 -0.399999 34.878460 -0.000001 0.000000 1.000000
1.389185 -0.399999 34.878464 -0.000001 0.000000 1.000000
3
1.389185 0.000000 34.878464 -0.000001 0.000000 1.000000
-1.389186 0.000000 34.878460 -0.000001 0.000000 1.000000
-1.389186 -0.399999 34.878460 -0.000001 0.000000 1.000000
3
-1.389186 0.000000 34.878460 -0.342019 0.000000 0.939693
-4.000001 -0.400000 33.928204 -0.342019 0.000000 0.939693
-1.389186 -0.399999 34.878460 -0.342019 0.000000 0.939693
3
-1.389186 0.000000 34.878460 -0.342019 0.000000 0.939693
-4.000001 0.000000 33.928204 -0.342019 0.000000 0.939693
-4.000001 -0.400000 33.928204 -0.342019 0.000000 0.939693
3
-4.000001 0.000000 33.928204 -0.642788 0.000000 0.766044
-6.128356 -0.400000 32.142300 -0.642788 0.000000 0.766044
-4.000001 -0.400000 33.928204 -0.642788 0.000000 0.766044
3
-4.000001 0.000000 33.928204 -0.642788 0.000000 0.766044
-6.128356 0.000000 32.142300 -0.642788 0.000000 0.766044
-6.128356 -0.400000 32.142300 -0.642788 0.000000 0.766044
3
-6.128356 0.000000 32.142300 -0.866025 0.000000 0.500000
-7.517541 -0.400000 29.736160 -0.866025 0.000000 0.500000
-6.128356 -0.400000 32.142300 -0.866025 0.000000 0.500000
3
-6.128356 0.000000 32.142300 -0.866025 0.000000 0.500000
-7.517541 0.000000 29.736160 -0.866025 0.000000 0.500000
-7.517541 -0.400000 29.736160 -0.866025 0.000000 0.500000
3
-7.517541 0.000000 29.736160 -0.984808 0.000000 0.173648
-8.000000 -0.400000 26.999998 -0.984808 0.000000 0.173648
-7.517541 -0.400000 29.736160 -0.984808 0.000000 0.173648
3
-7.517541 0.000000 29.736160 -0.984808 0.000000 0.173648
-8.000000 -0.000000 26.999998 -0.984808 0.000000 0.173648
-8.000000 -0.400000 26.999998 -0.984808 0.000000 0.173648
3
-8.000000 -0.000000 26.999998 -0.984808 0.000000 -0.173648
-7.517540 -0.400000 24.263838 -0.984808 0.000000 -0.173648
-8.000000 -0.400000 26.999998 -0.984808 0.000000 -0.173648
3
-8.000000 -0.000000 26.999998 -0.984808 0.000000 -0.173648
-7.517540 -0.000000 24.263838 -0.984808 0.000000 -0.173648
-7.517540 -0.400000 24.263838 -0.984808 0.000000 -0.173648
3
-7.517540 -0.000000 24.263838 -0.866025 0.000000 -0.500000
-6.128355 -0.400000 21.857698 -0.866025 0.000000 -0.500000
-7.517540 -0.400000 24.263838 -0.866025 0.000000 -0.500000
3
-7.517540 -0.000000 24.263838 -0.866025 0.000000 -0.500000
-6.128355 -0.000000 21.857698 -0.866025 0.000000 -0.500000
-6.128355 -0.400000 21.857698 -0.866025 0.000000 -0.500000
3
-6.128355 -0.000000 21.857698 -0.642787 0.000000 -0.766045
-3.999998 -0.400000 20.071796 -0.642787 0.000000 -0.766045
-6.128355 -0.400000 21.857698 -0.642787 0.000000 -0.766045
3
-6.128355 -0.000000 21.857698 -0.642787 0.000000 -0.766045
-3.999998 -0.000000 20.071796 -0.642787 0.000000 -0.766045
-3.999998 -0.400000 20.071796 -0.642787 0.000000 -0.766045
3
-3.999998 -0.000000 20.071796 -0.342020 0.000000 -0.939693
-1.389183 -0.400000 19.121538 -0.342020 0.000000 -0.939693
-3.999998 -0.400000 20.071796 -0.342020 0.000000 -0.939693
3
-3.999998 -0.000000 20.071796 -0.342020 0.000000 -0.939693
-1.389183 -0.000000 19.121538 -0.342020 0.000000 -0.939693
-1.389183 -0.400000 19.121538 -0.342020 0.000000 -0.939693
3
-1.389183 -0.000000 19.121538 0.000000 0.000000 -1.000000
1.389188 -0.400000 19.121538 0.000000 0.000000 -1.000000
-1.389183 -0.400000 19.121538 0.000000 0.000000 -1.000000
3
-1.389183 -0.000000 19.121538 0.000000 0.000000 -1.000000
1.389188 -0.000000 19.121538 0.000000 0.000000 -1.000000
1.389188 -0.400000 19.121538 0.000000 0.000000 -1.000000
3
1.389188 -0.000000 19.121538 0.342021 0.000000 -0.939692
4.000002 -0.400000 20.071798 0.342021 0.000000 -0.939692
1.389188 -0.400000 19.121538 0.342021 0.000000 -0.939692
3
1.389188 -0.000000 19.121538 0.342021 0.000000 -0.939692
4.000002 -0.000000 20.071798 0.342021 0.000000 -0.939692
4.000002 -0.400000 20.071798 0.342021 0.000000 -0.939692
3
4.000002 -0.000000 20.071798 0.642788 0.000000 -0.766044
6.128357 -0.400000 21.857700 0.642788 0.000000 -0.766044
4.000002 -0.400000 20.071798 0.642788 0.000000 -0.766044
3
4.000002 -0.000000 20.071798 0.642788 0.000000 -0.766044
6.128357 -0.000000 21.857700 0.642788 0.000000 -0.766044
6.128357 -0.400000 21.857700 0.642788 0.000000 -0.766044
3
6.128357 -0.000000 21.857700 0.866026 0.000000 -0.500000
7.517542 -0.400000 24.263842 0.866026 0.000000 -0.500000
6.128357 -0.400000 21.857700 0.866026 0.000000 -0.500000
3
6.128357 -0.000000 21.857700 0.866026 0.000000 -0.500000
7.517542 -0.000000 24.263842 0.866026 0.000000 -0.500000
7.517542 -0.400000 24.263842 0.866026 0.000000 -0.500000
3
7.517542 -0.000000 24.263842 0.984808 0.000000 -0.173648
8.000000 -0.400000 27.000000 0.984808 0.000000 -0.173648
7.517542 -0.400000 24.263842 0.984808 0.000000 -0.173648
3
7.517542 -0.000000 24.263842 0.984808 0.000000 -0.173648
8.000000 0.000000 27.000000 0.984808 0.000000 -0.173648
8.000000 -0.400000 27.000000 0.984808 0.000000 -0.173648
3
8.000000 -0.400000 27.000000 0.984808 0.000000 0.173648
7.517541 -0.800000 29.736160 0.984808 0.000000 0.173648
8.000000 -0.800000 27.000000 0.984808 0.000000 0.173648
3
8.000000 -0.400000 27.000000 0.984808 0.000000 0.173648
7.517541 -0.400000 29.736160 0.984808 0.000000 0.173648
7.517541 -0.800000 29.736160 0.984808 0.000000 0.173648
3
7.517541 -0.400000 29.736160 0.866025 0.000000 0.500000
6.128356 -0.800000 32.142300 0.866025 0.000000 0.500000
7.517541 -0.800000 29.736160 0.866025 0.000000 0.500000
3
7.517541 -0.400000 29.736160 0.866025 0.000000 0.500000
6.128356 -0.400000 32.142300 0.866025 0.000000 0.500000
6.128356 -0.800000 32.142300 0.866025 0.000000 0.500000
3
6.128356 -0.400000 32.142300 0.642788 0.000000 0.766044
4.000000 -0.800000 33.928204 0.642788 0.000000 0.766044
6.128356 -0.800000 32.142300 0.642788 0.000000 0.766044
3
6.128356 -0.400000 32.142300 0.642788 0.000000 0.766044
4.000000 -0.400000 33.928204 0.642788 0.000000 0.766044
4.000000 -0.800000 33.928204 0.642788 0.000000 0.766044
3
4.000000 -0.400000 33.928204 0.342021 0.000000 0.939692
1.389185 -0.799999 34.878464 0.342021 0.000000 0.939692
4.000000 -0.800000 33.928204 0.342021 0.000000 0.939692
3
4.000000 -0.400000 33.928204 0.342021 0.000000 0.939692
1.389185 -0.399999 34.878464 0.342021 0.000000 0.939692
1.389185 -0.799999 34.878464 0.342021 0.000000 0.939692
3
1.389185 -0.399999 34.878464 -0.000001 0.000000 1.000000
-1.389186 -0.799999 34.878460 -0.000001 0.000000 1.000000
1.389185 -0.799999 34.878464 -0.000001 0.000000 1.000000
3
1.389185 -0.399999 34.878464 -0.000001 0.000000 1.000000
-1.389186 -0.399999 34.878460 -0.000001 0.000000 1.000000
-1.389186 -0.799999 34.878460 -0.000001 0.000000 1.000000
3
-1.389186 -0.399999 34.878460 -0.342019 0.000000 0.939693
-4.000001 -0.800000 33.928204 -0.342019 0.000000 0.939693
-1.389186 -0.799999 34.878460 -0.342019 0.000000 0.939693
3
-1.389186 -0.399999 34.878460 -0.342019 0.000000 0.939693
-4.000001 -0.400000 33.928204 -0.342019 0.000000 0.939693
-4.000001 -0.800000 33.928204 -0.342019 0.000000 0.939693
3
-4.000001 -0.400000 33.928204 -0.642788 0.000000 0.766044
-6.128356 -0.800000 32.142300 -0.642788 0.000000 0.766044
-4.000001 -0.800000 33.928204 -0.642788 0.000000 0.766044
3
-4.000001 -0.400000 33.928204 -0.642788 0.000000 0.766044
-6.128356 -0.400000 32.142300 -0.642788 0.000000 0.766044
-6.128356 -0.800000 32.142300 -0.642788 0.000000 0.766044
3
-6.128356 -0.400000 32.142300 -0.866025 0.000000 0.500000
-7.517541 -0.800000 29.736160 -0.866025 0.000000 0.500000
-6.128356 -0.800000 32.142300 -0.866025 0.000000 0.500000
3
-6.128356 -0.400000 32.142300 -0.866025 0.000000 0.500000
-7.517541 -0.400000 29.736160 -0.866025 0.000000 0.500000
-7.517541 -0.800000 29.736160 -0.866025 0.000000 0.500000
3
-7.517541 -0.400000 29.736160 -0.984808 0.000000 0.173648
-8.000000 -0.800000 26.999998 -0.984808 0.000000 0.173648
-7.517541 -0.800000 29.736160 -0.984808 0.000000 0.173648
3
-7.517541 -0.400000 29.736160 -0.984808 0.000000 0.173648
-8.000000 -0.400000 26.999998 -0.984808 0.000000 0.173648
-8.000000 -0.800000 26.999998 -0.984808 0.000000 0.173648
3
-8.000000 -0.400000 26.999998 -0.984808 0.000000 -0.173648
-7.517540 -0.800000 24.263838 -0.984808 0.000000 -0.173648
-8.000000 -0.800000 26.999998 -0.984808 0.000000 -0.173648
3
-8.000000 -0.400000 26.999998 -0.984808 0.000000 -0.173648
-7.517540 -0.400000 24.263838 -0.984808 0.000000 -0.173648
-7.517540 -0.800000 24.263838 -0.984808 0.000000 -0.173648
3
-7.517540 -0.400000 24.263838 -0.866025 0.000000 -0.500000
-6.128355 -0.800000 21.857698 -0.866025 0.000000 -0.500000
-7.517540 -0.800000 24.263838 -0.866025 0.000000 -0.500000
3
-7.517540 -0.400000 24.263838 -0.866025 0.000000 -0.500000
-6.128355 -0.400000 21.857698 -0.866025 0.000000 -0.500000
-6.128355 -0.800000 21.857698 -0.866025 0.000000 -0.500000
3
-6.128355 -0.400000 21.857698 -0.642787 0.000000 -0.766045
-3.999998 -0.800000 20.071796 -0.642787 0.000000 -0.766045
-6.128355 -0.800000 21.857698 -0.642787 0.000000 -0.766045
3
-6.128355 -0.400000 21.857698 -0.642787 0.000000 -0.766045
-3.999998 -0.400000 20.071796 -0.642787 0.000000 -0.766045
-3.999998 -0.800000 20.071796 -0.642787 0.000000 -0.766045
3
-3.999998 -0.400000 20.071796 -0.342020 0.000000 -0.939693
-1.389183 -0.800000 19.121538 -0.342020 0.000000 -0.939693
-3.999998 -0.800000 20.071796 -0.342020 0.000000 -0.939693
3
-3.999998 -0.400000 20.071796 -0.342020 0.000000 -0.939693
-1.389183 -0.400000 19.121538 -0.342020 0.000000 -0.939693
-1.389183 -0.800000 19.121538 -0.342020 0.000000 -0.939693
3
-1.389183 -0.400000 19.121538 0.000000 0.000000 -1.000000
1.389188 -0.800000 19.121538 0.000000 0.000000 -1.000000
-1.389183 -0.800000 19.121538 0.000000 0.000000 -1.000000
3
-1.389183 -0.400000 19.121538 0.000000 0.000000 -1.000000
1.389188 -0.400000 19.121538 0.000000 0.000000 -1.000000
1.389188 -0.800000 19.121538 0.000000 0.000000 -1.000000
3
1.389188 -0.400000 19.121538 0.342021 0.000000 -0.939692
4.000002 -0.800000 20.071798 0.342021 0.000000 -0.939692
1.389188 -0.800000 19.121538 0.342021 0.000000 -0.939692
3
1.389188 -0.400000 19.121538 0.342021 0.000000 -0.939692
4.000002 -0.400000 20.071798 0.342021 0.000000 -0.939692
4.000002 -0.800000 20.071798 0.342021 0.000000 -0.939692
3
4.000002 -0.400000 20.071798 0.642788 0.000000 -0.766044
6.128357 -0.800000 21.857700 0.642788 0.000000 -0.766044
4.000002 -0.800000 20.071798 0.642788 0.000000 -0.766044
3
4.000002 -0.400000 20.071798 0.642788 0.000000 -0.766044
6.128357 -0.400000 21.857700 0.642788 0.000000 -0.766044
6.128357 -0.800000 21.857700 0.642788 0.000000 -0.766044
3
6.128357 -0.400000 21.857700 0.866026 0.000000 -0.500000
7.517542 -0.800000 24.263842 0.866026 0.000000 -0.500000
6.128357 -0.800000 21.857700 0.866026 0.000000 -0.500000
3
6.128357 -0.400000 21.857700 0.866026 0.000000 -0.500000
7.517542 -0.400000 24.263842 0.866026 0.000000 -0.500000
7.517542 -0.800000 24.263842 0.866026 0.000000 -0.500000
3
7.517542 -0.400000 24.263842 0.984808 0.000000 -0.173648
8.000000 -0.800000 27.000000 0.984808 0.000000 -0.173648
7.517542 -0.800000 24.263842 0.984808 0.000000 -0.173648
3
7.517542 -0.400000 24.263842 0.984808 0.000000 -0.173648
8.000000 -0.400000 27.000000 0.984808 0.000000 -0.173648
8.000000 -0.800000 27.000000 0.984808 0.000000 -0.173648
3
8.000000 -0.800000 27.000000 0.984808 0.000000 0.173648
7.517541 -1.200000 29.736160 0.984808 0.000000 0.173648
8.000000 -1.200000 27.000000 0.984808 0.000000 0.173648
3
8.000000 -0.800000 27.000000 0.984808 0.000000 0.173648
7.517541 -0.800000 29.736160 0.984808 0.000000 0.173648
7.517541 -1.200000 29.736160 0.984808 0.000000 0.173648
3
7.517541 -0.800000 29.736160 0.866025 0.000000 0.500000
6.128356 -1.200000 32.142300 0.866025 0.000000 0.500000
7.517541 -1.200000 29.736160 0.866025 0.000000 0.500000
3
7.517541 -0.800000 29.736160 0.866025 0.000000 0.500000
6.128356 -0.800000 32.142300 0.866025 0.000000 0.500000
6.128356 -1.200000 32.142300 0.866025 0.000000 0.500000
3
6.128356 -0.800000 32.142300 0.642788 0.000000 0.766044
4.000000 -1.200000 33.928204 0.642788 0.000000 0.766044
6.128356 -1.200000 32.142300 0.642788 0.000000 0.766044
3
6.128356 -0.800000 32.142300 0.642788 0.000000 0.766044
4.000000 -0.800000 33.928204 0.642788 0.000000 0.766044
4.000000 -1.200000 33.928204 0.642788 0.000000 0.766044
3
4.000000 -0.800000 33.928204 0.342021 0.000000 0.939692
1.389185 -1.199999 34.878464 0.342021 0.000000 0.939692
4.000000 -1.200000 33.928204 0.342021 0.000000 0.939692
3
4.000000 -0.800000 33.928204 0.342021 0.000000 0.939692
1.389185 -0.799999 34.878464 0.342021 0.000000 0.939692
1.389185 -1.199999 34.878464 0.342021 0.000000 0.939692
3
1.389185 -0.799999 34.878464 -0.000001 0.000000 1.000000
-1.389186 -1.199999 34.878460 -0.000001 0.000000 1.000000
1.389185 -1.199999 34.878464 -0.000001 0.000000 1.000000
3
1.389185 -0.799999 34.878464 -0.000001 0.000000 1.000000
-1.389186 -0.799999 34.878460 -0.000001 0.000000 1.000000
-1.389186 -1.199999 34.878460 -0.000001 0.000000 1.000000
3
-1.389186 -0.799999 34.878460 -0.342019 0.000000 0.939693
-4.000001 -1.200000 33.928204 -0.342019 0.000000 0.939693
-1.389186 -1.199999 34.878460 -0.342019 0.000000 0.939693
3
-1.389186 -0.799999 34.878460 -0.342019 0.000000 0.939693
-4.000001 -0.800000 33.928204 -0.342019 0.000000 0.939693
-4.000001 -1.200000 33.928204 -0.342019 0.000000 0.939693
3
-4.000001 -0.800000 33.928204 -0.642788 0.000000 0.766044
-6.128356 -1.200000 32.142300 -0.642788 0.000000 0.766044
-4.000001 -1.200000 33.928204 -0.642788 0.000000 0.766044
3
-4.000001 -0.800000 33.928204 -0.642788 0.000000 0.766044
-6.128356 -0.800000 32.142300 -0.642788 0.000000 0.766044
-6.128356 -1.200000 32.142300 -0.642788 0.000000 0.766044
3
-6.128356 -0.800000 32.142300 -0.866025 0.000000 0.500000
-7.517541 -1.200000 29.736160 -0.866025 0.000000 0.500000
-6.128356 -1.200000 32.142300 -0.866025 0.000000 0.500000
3
-6.128356 -0.800000 32.142300 -0.866025 0.000000 0.500000
-7.517541 -0.800000 29.736160 -0.866025 0.000000 0.500000
-7.517541 -1.200000 29.736160 -0.866025 0.000000 0.500000
3
-7.517541 -0.800000 29.736160 -0.984808 0.000000 0.173648
-8.000000 -1.200000 26.999998 -0.984808 0.000000 0.173648
-7.517541 -1.200000 29.736160 -0.984808 0.000000 0.173648
3
-7.517541 -0.800000 29.736160 -0.984808 0.000000 0.173648
-8.000000 -0.800000 26.999998 -0.984808 0.000000 0.173648
-8.000000 -1.200000 26.999998 -0.984808 0.000000 0.173648
3
-8.000000 -0.800000 26.999998 -0.984808 0.000000 -0.173648
-7.517540 -1.200000 24.263838 -0.984808 0.000000 -0.173648
-8.000000 -1.200000 26.999998 -0.984808 0.000000 -0.173648
3
-8.000000 -0.800000 26.999998 -0.984808 0.000000 -0.173648
-7.517540 -0.800000 24.263838 -0.984808 0.000000 -0.173648
-7.517540 -1.200000 24.263838 -0.984808 0.000000 -0.173648
3
-7.517540 -0.800000 24.263838 -0.866025 0.000000 -0.500000
-6.128355 -1.200000 21.857698 -0.866025 0.000000 -0.500000
-7.517540 -1.200000 24.263838 -0.866025 0.000000 -0.500000
3
-7.517540 -0.800000 24.263838 -0.866025 0.000000 -0.500000
-6.128355 -0.800000 21.857698 -0.866025 0.000000 -0.500000
-6.128355 -1.200000 21.857698 -0.866025 0.000000 -0.500000
3
-6.128355 -0.800000 21.857698 -0.642787 0.000000 -0.766045
-3.999998 -1.200000 20.071796 -0.642787 0.000000 -0.766045
-6.128355 -1.200000 21.857698 -0.642787 0.000000 -0.766045
3
-6.128355 -0.800000 21.857698 -0.642787 0.000000 -0.766045
-3.999998 -0.800000 20.071796 -0.642787 0.000000 -0.766045
-3.999998 -1.200000 20.071796 -0.642787 0.000000 -0.766045
3
-3.999998 -0.800000 20.071796 -0.342020 0.000000 -0.939693
-1.389183 -1.200000 19.121538 -0.342020 0.000000 -0.939693
-3.999998 -1.200000 20.071796 -0.342020 0.000000 -0.939693
3
-3.999998 -0.800000 20.071796 -0.342020 0.000000 -0.939693
-1.389183 -0.800000 19.121538 -0.342020 0.000000 -0.939693
-1.389183 -1.200000 19.121538 -0.342020 0.000000 -0.939693
3
-1.389183 -0.800000 19.121538 0.000000 0.000000 -1.000000
1.389188 -1.200000 19.121538 0.000000 0.000000 -1.000000
-1.389183 -1.200000 19.121538 0.000000 0.000000 -1.000000
3
-1.389183 -0.800000 19.121538 0.000000 0.000000 -1.000000
1.389188 -0.800000 19.121538 0.000000 0.000000 -1.000000
1.389188 -1.200000 19.121538 0.000000 0.000000 -1.000000
3
1.389188 -0.800000 19.121538 0.342021 0.000000 -0.939692
4.000002 -1.200000 20.071798 0.342021 0.000000 -0.939692
1.389188 -1.200000 19.121538 0.342021 0.000000 -0.939692
3
1.389188 -0.800000 19.121538 0.342021 0.000000 -0.939692
4.000002 -0.800000 20.071798 0.342021 0.000000 -0.939692
4.000002 -1.200000 20.071798 0.342021 0.000000 -0.939692
3
4.000002 -0.800000 20.071798 0.642788 0.000000 -0.766044
6.128357 -1.200000 21.857700 0.642788 0.000000 -0.766044
4.000002 -1.200000 20.071798 0.642788 0.000000 -0.766044
3
4.000002 -0.800000 20.071798 0.642788 0.000000 -0.766044
6.128357 -0.800000 21.857700 0.642788 0.000000 -0.766044
6.128357 -1.200000 21.857700 0.642788 0.000000 -0.766044
3
6.128357 -0.800000 21.857700 0.866026 0.000000 -0.500000
7.517542 -1.200000 24.263842 0.866026 0.000000 -0.500000
6.128357 -1.200000 21.857700 0.866026 0.000000 -0.500000
3
6.128357 -0.800000 21.857700 0.866026 0.000000 -0.500000
7.517542 -0.800000 24.263842 0.866026 0.000000 -0.500000
7.517542 -1.200000 24.263842 0.866026 0.000000 -0.500000
3
7.517542 -0.800000 24.263842 0.984808 0.000000 -0.173648
8.000000 -1.200000 27.000000 0.984808 0.000000 -0.173648
7.517542 -1.200000 24.263842 0.984808 0.000000 -0.173648
3
7.517542 -0.800000 24.263842 0.984808 0.000000 -0.173648
8.000000 -0.800000 27.000000 0.984808 0.000000 -0.173648
8.000000 -1.200000 27.000000 0.984808 0.000000 -0.173648
3
8.000000 -1.200000 27.000000 0.984808 0.000000 0.173648
7.517541 -1.600000 29.736160 0.984808 0.000000 0.173648
8.000000 -1.600000 27.000000 0.984808 0.000000 0.173648
3
8.000000 -1.200000 27.000000 0.984808 0.000000 0.173648
7.517541 -1.200000 29.736160 0.984808 0.000000 0.173648
7.517541 -1.600000 29.736160 0.984808 0.000000 0.173648
3
7.517541 -1.200000 29.736160 0.866025 0.000000 0.500000
6.128356 -1.600000 32.142300 0.866025 0.000000 0.500000
7.517541 -1.600000 29.736160 0.866025 0.000000 0.500000
3
7.517541 -1.200000 29.736160 0.866025 0.000000 0.500000
6.128356 -1.200000 32.142300 0.866025 0.000000 0.500000
6.128356 -1.600000 32.142300 0.866025 0.000000 0.500000
3
6.128356 -1.200000 32.142300 0.642788 0.000000 0.766044
4.000000 -1.600000 33.928204 0.642788 0.000000 0.766044
6.128356 -1.600000 32.142300 0.642788 0.000000 0.766044
3
6.128356 -1.200000 32.142300 0.642788 0.000000 0.766044
4.000000 -1.200000 33.928204 0.642788 0.000000 0.766044
4.000000 -1.600000 33.928204 0.642788 0.000000 0.766044
3
4.000000 -1.200000 33.928204 0.342021 0.000000 0.939692
1.389185 -1.599999 34.878464 0.342021 0.000000 0.939692
4.000000 -1.600000 33.928204 0.342021 0.000000 0.939692
3
4.000000 -1.200000 33.928204 0.342021 0.000000 0.939692
1.389185 -1.199999 34.878464 0.342021 0.000000 0.939692
1.389185 -1.599999 34.878464 0.342021 0.000000 0.939692
3
1.389185 -1.199999 34.878464 -0.000001 0.000000 1.000000
-1.389186 -1.599999 34.878460 -0.000001 0.000000 1.000000
1.389185 -1.599999 34.878464 -0.000001 0.000000 1.000000
3
1.389185 -1.199999 34.878464 -0.000001 0.000000 1.000000
-1.389186 -1.199999 34.878460 -0.000001 0.000000 1.000000
-1.389186 -1.599999 34.878460 -0.000001 0.000000 1.000000
3
-1.389186 -1.199999 34.878460 -0.342019 0.000000 0.939693
-4.000001 -1.600000 33.928204 -0.342019 0.000000 0.939693
-1.389186 -1.599999 34.878460 -0.342019 0.000000 0.939693
3
-1.389186 -1.199999 34.878460 -0.342019 0.000000 0.939693
-4.000001 -1.200000 33.928204 -0.342019 0.000000 0.939693
-4.000001 -1.600000 33.928204 -0.342019 0.000000 0.939693
3
-4.000001 -1.200000 33.928204 -0.642788 0.000000 0.766044
-6.128356 -1.600000 32.142300 -0.642788 0.000000 0.766044
-4.000001 -1.600000 33.928204 -0.642788 0.000000 0.766044
3
-4.000001 -1.200000 33.928204 -0.642788 0.000000 0.766044
-6.128356 -1.200000 32.142300 -0.642788 0.000000 0.766044
-6.128356 -1.600000 32.142300 -0.642788 0.000000 0.766044
3
-6.128356 -1.200000 32.142300 -0.866025 0.000000 0.500000
-7.517541 -1.600000 29.736160 -0.866025 0.000000 0.500000
-6.128356 -1.600000 32.142300 -0.866025 0.000000 0.500000
3
-6.128356 -1.200000 32.142300 -0.866025 0.000000 0.500000
-7.517541 -1.200000 29.736160 -0.866025 0.000000 0.500000
-7.517541 -1.600000 29.736160 -0.866025 0.000000 0.500000
3
-7.517541 -1.200000 29.736160 -0.984808 0.000000 0.173648
-8.000000 -1.600000 26.999998 -0.984808 0.000000 0.173648
-7.517541 -1.600000 29.736160 -0.984808 0.000000 0.173648
3
-7.517541 -1.200000 29.736160 -0.984808 0.000000 0.173648
-8.000000 -1.200000 26.999998 -0.984808 0.000000 0.173648
-8.000000 -1.600000 26.999998 -0.984808 0.000000 0.173648
3
-8.000000 -1.200000 26.999998 -0.984808 0.000000 -0.173648
-7.517540 -1.600000 24.263838 -0.984808 0.000000 -0.173648
-8.000000 -1.600000 26.999998 -0.984808 0.000000 -0.173648
3
-8.000000 -1.200000 26.999998 -0.984808 0.000000 -0.173648
-7.517540 -1.200000 24.263838 -0.984808 0.000000 -0.173648
-7.517540 -1.600000 24.263838 -0.984808 0.000000 -0.173648
3
-7.517540 -1.200000 24.263838 -0.866025 0.000000 -0.500000
-6.128355 -1.600000 21.857698 -0.866025 0.000000 -0.500000
-7.517540 -1.600000 24.263838 -0.866025 0.000000 -0.500000
3
-7.517540 -1.200000 24.263838 -0.866025 0.000000 -0.500000
-6.128355 -1.200000 21.857698 -0.866025 0.000000 -0.500000
-6.128355 -1.600000 21.857698 -0.866025 0.000000 -0.500000
3
-6.128355 -1.200000 21.857698 -0.642787 0.000000 -0.766045
-3.999998 -1.600000 20.071796 -0.642787 0.000000 -0.766045
-6.128355 -1.600000 21.857698 -0.642787 0.000000 -0.766045
3
-6.128355 -1.200000 21.857698 -0.642787 0.000000 -0.766045
-3.999998 -1.200000 20.071796 -0.642787 0.000000 -0.766045
-3.999998 -1.600000 20.071796 -0.642787 0.000000 -0.766045
3
-3.999998 -1.200000 20.071796 -0.342020 0.000000 -0.939693
-1.389183 -1.600000 19.121538 -0.342020 0.000000 -0.939693
-3.999998 -1.600000 20.071796 -0.342020 0.000000 -0.939693
3
-3.999998 -1.200000 20.071796 -0.342020 0.000000 -0.939693
-1.389183 -1.200000 19.121538 -0.342020 0.000000 -0.939693
-1.389183 -1.600000 19.121538 -0.342020 0.000000 -0.939693
3
-1.389183 -1.200000 19.121538 0.000000 0.000000 -1.000000
1.389188 -1.600000 19.121538 0.000000 0.000000 -1.000000
-1.389183 -1.600000 19.121538 0.000000 0.000000 -1.000000
3
-1.389183 -1.200000 19.121538 0.000000 0.000000 -1.000000
1.389188 -1.200000 19.121538 0.000000 0.000000 -1.000000
1.389188 -1.600000 19.121538 0.000000 0.000000 -1.000000
3
1.389188 -1.200000 19.121538 0.342021 0.000000 -0.939692
4.000002 -1.600000 20.071798 0.342021 0.000000 -0.939692
1.389188 -1.600000 19.121538 0.342021 0.000000 -0.939692
3
1.389188 -1.200000 19.121538 0.342021 0.000000 -0.939692
4.000002 -1.200000 20.071798 0.342021 0.000000 -0.939692
4.000002 -1.600000 20.071798 0.342021 0.000000 -0.939692
3
4.000002 -1.200000 20.071798 0.642788 0.000000 -0.766044
6.128357 -1.600000 21.857700 0.642788 0.000000 -0.766044
4.000002 -1.600000 20.071798 0.642788 0.000000 -0.766044
3
4.000002 -1.200000 20.071798 0.642788 0.000000 -0.766044
6.128357 -1.200000 21.857700 0.642788 0.000000 -0.766044
6.128357 -1.600000 21.857700 0.642788 0.000000 -0.766044
3
6.128357 -1.200000 21.857700 0.866026 0.000000 -0.500000
7.517542 -1.600000 24.263842 0.866026 0.000000 -0.500000
6.128357 -1.600000 21.857700 0.866026 0.000000 -0.500000
3
6.128357 -1.200000 21.857700 0.866026 0.000000 -0.500000
7.517542 -1.200000 24.263842 0.866026 0.000000 -0.500000
7.517542 -1.600000 24.263842 0.866026 0.000000 -0.500000
3
7.517542 -1.200000 24.263842 0.984808 0.000000 -0.173648
8.000000 -1.600000 27.000000 0.984808 0.000000 -0.173648
7.517542 -1.600000 24.263842 0.984808 0.000000 -0.173648
3
7.517542 -1.200000 24.263842 0.984808 0.000000 -0.173648
8.000000 -1.200000 27.000000 0.984808 0.000000 -0.173648
8.000000 -1.600000 27.000000 0.984808 0.000000 -0.173648
3
8.000000 -1.600000 27.000000 0.984808 0.000000 0.173648
7.517541 -2.000000 29.736160 0.984808 0.000000 0.173648
8.000000 -2.000000 27.000000 0.984808 0.000000 0.173648
3
8.000000 -1.600000 27.000000 0.984808 0.000000 0.173648
7.517541 -1.600000 29.736160 0.984808 0.000000 0.173648
7.517541 -2.000000 29.736160 0.984808 0.000000 0.173648
3
7.517541 -1.600000 29.736160 0.866025 0.000000 0.500000
6.128356 -2.000000 32.142300 0.866025 0.000000 0.500000
7.517541 -2.000000 29.736160 0.866025 0.000000 0.500000
3
7.517541 -1.600000 29.736160 0.866025 0.000000 0.500000
6.128356 -1.600000 32.142300 0.866025 0.000000 0.500000
6.128356 -2.000000 32.142300 0.866025 0.000000 0.500000
3
6.128356 -1.600000 32.142300 0.642788 0.000000 0.766044
4.000000 -2.000000 33.928204 0.642788 0.000000 0.766044
6.128356 -2.000000 32.142300 0.642788 0.000000 0.766044
3
6.128356 -1.600000 32.142300 0.642788 0.000000 0.766044
4.000000 -1.600000 33.928204 0.642788 0.000000 0.766044
4.000000 -2.000000 33.928204 0.642788 0.000000 0.766044
3
4.000000 -1.600000 33.928204 0.342021 0.000000 0.939692
1.389185 -1.999999 34.878464 0.342021 0.000000 0.939692
4.000000 -2.000000 33.928204 0.342021 0.000000 0.939692
3
4.000000 -1.600000 33.928204 0.342021 0.000000 0.939692
1.389185 -1.599999 34.878464 0.342021 0.000000 0.939692
1.389185 -1.999999 34.878464 0.342021 0.000000 0.939692
3
1.389185 -1.599999 34.878464 -0.000001 0.000000 1.000000
-1.389186 -1.999999 34.878460 -0.000001 0.000000 1.000000
1.389185 -1.999999 34.878464 -0.000001 0.000000 1.000000
3
1.389185 -1.599999 34.878464 -0.000001 0.000000 1.000000
-1.389186 -1.599999 34.878460 -0.000001 0.000000 1.000000
-1.389186 -1.999999 34.878460 -0.000001 0.000000 1.000000
3
-1.389186 -1.599999 34.878460 -0.342019 0.000000 0.939693
-4.000001 -2.000000 33.928204 -0.342019 0.000000 0.939693
-1.389186 -1.999999 34.878460 -0.342019 0.000000 0.939693
3
-1.389186 -1.599999 34.878460 -0.342019 0.000000 0.939693
-4.000001 -1.600000 33.928204 -0.342019 0.000000 0.939693
-4.000001 -2.000000 33.928204 -0.342019 0.000000 0.939693
3
-4.000001 -1.600000 33.928204 -0.642788 0.000000 0.766044
-6.128356 -2.000000 32.142300 -0.642788 0.000000 0.766044
-4.000001 -2.000000 33.928204 -0.642788 0.000000 0.766044
3
-4.000001 -1.600000 33.928204 -0.642788 0.000000 0.766044
-6.128356 -1.600000 32.142300 -0.642788 0.000000 0.766044
-6.128356 -2.000000 32.142300 -0.642788 0.000000 0.766044
3
-6.128356 -1.600000 32.142300 -0.866025 0.000000 0.500000
-7.517541 -2.000000 29.736160 -0.866025 0.000000 0.500000
-6.128356 -2.000000 32.142300 -0.866025 0.000000 0.500000
3
-6.128356 -1.600000 32.142300 -0.866025 0.000000 0.500000
-7.517541 -1.600000 29.736160 -0.866025 0.000000 0.500000
-7.517541 -2.000000 29.736160 -0.866025 0.000000 0.500000
3
-7.517541 -1.600000 29.736160 -0.984808 0.000000 0.173648
-8.000000 -2.000000 26.999998 -0.984808 0.000000 0.173648
-7.517541 -2.000000 29.736160 -0.984808 0.000000 0.173648
3
-7.517541 -1.600000 29.736160 -0.984808 0.000000 0.173648
-8.000000 -1.600000 26.999998 -0.984808 0.000000 0.173648
-8.000000 -2.000000 26.999998 -0.984808 0.000000 0.173648
3
-8.000000 -1.600000 26.999998 -0.984808 0.000000 -0.173648
-7.517540 -2.000000 24.263838 -0.984808 0.000000 -0.173648
-8.000000 -2.000000 26.999998 -0.984808 0.000000 -0.173648
3
-8.000000 -1.600000 26.999998 -0.984808 0.000000 -0.173648
-7.517540 -1.600000 24.263838 -0.984808 0.000000 -0.173648
-7.517540 -2.000000 24.263838 -0.984808 0.000000 -0.173648
3
-7.517540 -1.600000 24.263838 -0.866025 0.000000 -0.500000
-6.128355 -2.000000 21.857698 -0.866025 0.000000 -0.500000
-7.517540 -2.000000 24.263838 -0.866025 0.000000 -0.500000
3
-7.517540 -1.600000 24.263838 -0.866025 0.000000 -0.500000
-6.128355 -1.600000 21.857698 -0.866025 0.000000 -0.500000
-6.128355 -2.000000 21.857698 -0.866025 0.000000 -0.500000
3
-6.128355 -1.600000 21.857698 -0.642787 0.000000 -0.766045
-3.999998 -2.000000 20.071796 -0.642787 0.000000 -0.766045
-6.128355 -2.000000 21.857698 -0.642787 0.000000 -0.766045
3
-6.128355 -1.600000 21.857698 -0.642787 0.000000 -0.766045
-3.999998 -1.600000 20.071796 -0.642787 0.000000 -0.766045
-3.999998 -2.000000 20.071796 -0.642787 0.000000 -0.766045
3
-3.999998 -1.600000 20.071796 -0.342020 0.000000 -0.939693
-1.389183 -2.000000 19.121538 -0.342020 0.000000 -0.939693
-3.999998 -2.000000 20.071796 -0.342020 0.000000 -0.939693
3
-3.999998 -1.600000 20.071796 -0.342020 0.000000 -0.939693
-1.389183 -1.600000 19.121538 -0.342020 0.000000 -0.939693
-1.389183 -2.000000 19.121538 -0.342020 0.000000 -0.939693
3
-1.389183 -1.600000 19.121538 0.000000 0.000000 -1.000000
1.389188 -2.000000 19.121538 0.000000 0.000000 -1.000000
-1.389183 -2.000000 19.121538 0.000000 0.000000 -1.000000
3
-1.389183 -1.600000 19.121538 0.000000 0.000000 -1.000000
1.389188 -1.600000 19.121538 0.000000 0.000000 -1.000000
1.389188 -2.000000 19.121538 0.000000 0.000000 -1.000000
3
1.389188 -1.600000 19.121538 0.342021 0.000000 -0.939692
4.000002 -2.000000 20.071798 0.342021 0.000000 -0.939692
1.389188 -2.000000 19.121538 0.342021 0.000000 -0.939692
3
1.389188 -1.600000 19.121538 0.342021 0.000000 -0.939692
4.000002 -1.600000 20.071798 0.342021 0.000000 -0.939692
4.000002 -2.000000 20.071798 0.342021 0.000000 -0.939692
3
4.000002 -1.600000 20.071798 0.642788 0.000000 -0.766044
6.128357 -2.000000 21.857700 0.642788 0.000000 -0.766044
4.000002 -2.000000 20.071798 0.642788 0.000000 -0.766044
3
4.000002 -1.600000 20.071798 0.642788 0.000000 -0.766044
6.128357 -1.600000 21.857700 0.642788 0.000000 -0.766044
6.128357 -2.000000 21.857700 0.642788 0.000000 -0.766044
3
6.128357 -1.600000 21.857700 0.866026 0.000000 -0.500000
7.517542 -2.000000 24.263842 0.866026 0.000000 -0.500000
6.128357 -2.000000 21.857700 0.866026 0.000000 -0.500000
3
6.128357 -1.600000 21.857700 0.866026 0.000000 -0.500000
7.517542 -1.600000 24.263842 0.866026 0.000000 -0.500000
7.517542 -2.000000 24.263842 0.866026 0.000000 -0.500000
3
7.517542 -1.600000 24.263842 0.984808 0.000000 -0.173648
8.000000 -2.000000 27.000000 0.984808 0.000000 -0.173648
7.517542 -2.000000 24.263842 0.984808 0.000000 -0.173648
3
7.517542 -1.600000 24.263842 0.984808 0.000000 -0.173648
8.000000 -1.600000 27.000000 0.984808 0.000000 -0.173648
8.000000 -2.000000 27.000000 0.984808 0.000000 -0.173648
3
0.000000 -2.000000 27.000000 0.000000 -1.000000 0.000000
8.000000 -2.000000 27.000000 0.000000 -1.000000 0.000000
7.517541 -2.000000 29.736160 0.000000 -1.000000 0.000000
3
0.000000 -2.000000 27.000000 -0.000000 -1.000000 0.000000
7.517541 -2.000000 29.736160 -0.000000 -1.000000 0.000000
6.128356 -2.000000 32.142300 -0.000000 -1.000000 0.000000
3
0.000000 -2.000000 27.000000 0.000000 -1.000000 0.000000
6.128356 -2.000000 32.142300 0.000000 -1.000000 0.000000
4.000000 -2.000000 33.928204 0.000000 -1.000000 0.000000
3
0.000000 -2.000000 27.000000 -0.000000 -1.000000 0.000000
4.000000 -2.000000 33.928204 -0.000000 -1.000000 0.000000
1.389185 -1.999999 34.878464 -0.000000 -1.000000 0.000000
3
0.000000 -2.000000 27.000000 -0.000000 -1.000000 0.000000
1.389185 -1.999999 34.878464 -0.000000 -1.000000 0.000000
-1.389186 -1.999999 34.878460 -0.000000 -1.000000 0.000000
3
0.000000 -2.000000 27.000000 0.000000 -1.000000 0.000000
-1.389186 -1.999999 34.878460 0.000000 -1.000000 0.000000
-4.000001 -2.000000 33.928204 0.000000 -1.000000 0.000000
3
0.000000 -2.000000 27.000000 -0.000000 -1.000000 0.000000
-4.000001 -2.000000 33.928204 -0.000000 -1.000000 0.000000
-6.128356 -2.000000 32.142300 -0.000000 -1.000000 0.000000
3
0.000000 -2.000000 27.000000 0.000000 -1.000000 0.000000
-6.128356 -2.000000 32.142300 0.000000 -1.000000 0.000000
-7.517541 -2.000000 29.736160 0.000000 -1.000000 0.000000
3
0.000000 -2.000000 27.000000 -0.000000 -1.000000 0.000000
-7.517541 -2.000000 29.736160 -0.000000 -1.000000 0.000000
-8.000000 -2.000000 26.999998 -0.000000 -1.000000 0.000000
3
0.000000 -2.000000 27.000000 -0.000000 -1.000000 0.000000
-8.000000 -2.000000 26.999998 -0.000000 -1.000000 0.000000
-7.517540 -2.000000 24.263838 -0.000000 -1.000000 0.000000
3
0.000000 -2.000000 27.000000 -0.000000 -1.000000 0.000000
-7.517540 -2.000000 24.263838 -0.000000 -1.000000 0.000000
-6.128355 -2.000000 21.857698 -0.000000 -1.000000 0.000000
3
0.000000 -2.000000 27.000000 0.000000 -1.000000 0.000000
-6.128355 -2.000000 21.857698 0.000000 -1.000000 0.000000
-3.999998 -2.000000 20.071796 0.000000 -1.000000 0.000000
3
0.000000 -2.000000 27.000000 0.000000 -1.000000 0.000000
-3.999998 -2.000000 20.071796 0.000000 -1.000000 0.000000
-1.389183 -2.000000 19.121538 0.000000 -1.000000 0.000000
3
0.000000 -2.000000 27.000000 0.000000 -1.000000 0.000000
-1.389183 -2.000000 19.121538 0.000000 -1.000000 0.000000
1.389188 -2.000000 19.121538 0.000000 -1.000000 0.000000
3
0.000000 -2.000000 27.000000 -0.000000 -1.000000 0.000000
1.389188 -2.000000 19.121538 -0.000000 -1.000000 0.000000
4.000002 -2.000000 20.071798 -0.000000 -1.000000 0.000000
3
0.000000 -2.000000 27.000000 -0.000000 -1.000000 0.000000
4.000002 -2.000000 20.071798 -0.000000 -1.000000 0.000000
6.128357 -2.000000 21.857700 -0.000000 -1.000000 0.000000
3
0.000000 -2.000000 27.000000 0.000000 -1.000000 0.000000
6.128357 -2.000000 21.857700 0.000000 -1.000000 0.000000
7.517542 -2.000000 24.263842 0.000000 -1.000000 0.000000
3
0.000000 -2.000000 27.000000 0.000000 -1.000000 0.000000
7.517542 -2.000000 24.263842 0.000000 -1.000000 0.000000
8.000000 -2.000000 27.000000 0.000000 -1.000000 0.000000
3
-0.500000 -2.000000 11.200000 0.000000 0.000000 -1.000000
-0.500000 0.000000 11.200000 0.000000 0.000000 -1.000000
0.500000 0.000000 11.200000 0.000000 0.000000 -1.000000
3
0.500000 0.000000 11.200000 0.000000 0.000000 -1.000000
0.500000 -2.000000 11.200000 0.000000 0.000000 -1.000000
-0.500000 -2.000000 11.200000 0.000000 0.000000 -1.000000
3
-0.500000 -2.000000 19.200001 0.000000 0.000000 1.000000
0.500000 -2.000000 19.200001 0.000000 0.000000 1.000000
0.500000 0.000000 19.200001 0.000000 0.000000 1.000000
3
0.500000 0.000000 19.200001 0.000000 0.000000 1.000000
-0.500000 0.000000 19.200001 0.000000 0.000000 1.000000
-0.500000 -2.000000 19.200001 0.000000 0.000000 1.000000
3
-0.500000 -2.000000 11.200000 0.000000 -1.000000 0.000000
0.500000 -2.000000 11.200000 0.000000 -1.000000 0.000000
0.500000 -2.000000 19.200001 0.000000 -1.000000 0.000000
3
0.500000 -2.000000 19.200001 0.000000 -1.000000 0.000000
-0.500000 -2.000000 19.200001 0.000000 -1.000000 0.000000
-0.500000 -2.000000 11.200000 0.000000 -1.000000 0.000000
3
0.500000 -2.000000 11.200000 1.000000 0.000000 0.000000
0.500000 0.000000 11.200000 1.000000 0.000000 0.000000
0.500000 0.000000 19.200001 1.000000 0.000000 0.000000
3
0.500000 0.000000 19.200001 1.000000 0.000000 0.000000
0.500000 -2.000000 19.200001 1.000000 0.000000 0.000000
0.500000 -2.000000 11.200000 1.000000 0.000000 0.000000
3
0.500000 0.000000 11.200000 0.000000 1.000000 0.000000
-0.500000 0.000000 11.200000 0.000000 1.000000 0.000000
-0.500000 0.000000 19.200001 0.000000 1.000000 0.000000
3
-0.500000 0.000000 19.200001 0.000000 1.000000 0.000000
0.500000 0.000000 19.200001 0.000000 1.000000 0.000000
0.500000 0.000000 11.200000 0.000000 1.000000 0.000000
3
-0.500000 0.000000 11.200000 -1.000000 0.000000 0.000000
-0.500000 -2.000000 11.200000 -1.000000 0.000000 0.000000
-0.500000 -2.000000 19.200001 -1.000000 0.000000 0.000000
3
-0.500000 -2.000000 19.200001 -1.000000 0.000000 0.000000
-0.500000 0.000000 19.200001 -1.000000 0.000000 0.000000
-0.500000 0.000000 11.200000 -1.000000 0.000000 0.000000
3
0.000000 0.000000 7.200000 0.000000 1.000000 -0.000000
3.758770 0.000000 8.568080 0.000000 1.000000 -0.000000
4.000000 0.000000 7.200000 0.000000 1.000000 -0.000000
3
0.000000 0.000000 7.200000 -0.000000 1.000000 -0.000000
3.064178 0.000000 9.771151 -0.000000 1.000000 -0.000000
3.758770 0.000000 8.568080 -0.000000 1.000000 -0.000000
3
0.000000 0.000000 7.200000 0.000000 1.000000 -0.000000
2.000000 0.000000 10.664102 0.000000 1.000000 -0.000000
3.064178 0.000000 9.771151 0.000000 1.000000 -0.000000
3
0.000000 0.000000 7.200000 0.000000 1.000000 -0.000000
0.694592 0.000000 11.139231 0.000000 1.000000 -0.000000
2.000000 0.000000 10.664102 0.000000 1.000000 -0.000000
3
0.000000 0.000000 7.200000 -0.000000 1.000000 -0.000000
-0.694593 0.000000 11.139231 -0.000000 1.000000 -0.000000
0.694592 0.000000 11.139231 -0.000000 1.000000 -0.000000
3
0.000000 0.000000 7.200000 0.000000 1.000000 -0.000000
-2.000000 0.000000 10.664101 0.000000 1.000000 -0.000000
-0.694593 0.000000 11.139231 0.000000 1.000000 -0.000000
3
0.000000 0.000000 7.200000 -0.000000 1.000000 -0.000000
-3.064178 0.000000 9.771150 -0.000000 1.000000 -0.000000
-2.000000 0.000000 10.664101 -0.000000 1.000000 -0.000000
3
0.000000 0.000000 7.200000 -0.000000 1.000000 -0.000000
-3.758771 0.000000 8.568080 -0.000000 1.000000 -0.000000
-3.064178 0.000000 9.771150 -0.000000 1.000000 -0.000000
3
0.000000 0.000000 7.200000 -0.000000 1.000000 -0.000000
-4.000000 -0.000000 7.199999 -0.000000 1.000000 -0.000000
-3.758771 0.000000 8.568080 -0.000000 1.000000 -0.000000
3
0.000000 0.000000 7.200000 -0.000000 1.000000 -0.000000
-3.758770 -0.000000 5.831919 -0.000000 1.000000 -0.000000
-4.000000 -0.000000 7.199999 -0.000000 1.000000 -0.000000
3
0.000000 0.000000 7.200000 -0.000000 1.000000 -0.000000
-3.064177 -0.000000 4.628849 -0.000000 1.000000 -0.000000
-3.758770 -0.000000 5.831919 -0.000000 1.000000 -0.000000
3
0.000000 0.000000 7.200000 -0.000000 1.000000 -0.000000
-1.999999 -0.000000 3.735898 -0.000000 1.000000 -0.000000
-3.064177 -0.000000 4.628849 -0.000000 1.000000 -0.000000
3
0.000000 0.000000 7.200000 -0.000000 1.000000 -0.000000
-0.694592 -0.000000 3.260769 -0.000000 1.000000 -0.000000
-1.999999 -0.000000 3.735898 -0.000000 1.000000 -0.000000
3
0.000000 0.000000 7.200000 0.000000 1.000000 -0.000000
0.694594 -0.000000 3.260769 0.000000 1.000000 -0.000000
-0.694592 -0.000000 3.260769 0.000000 1.000000 -0.000000
3
0.000000 0.000000 7.200000 0.000000 1.000000 -0.000000
2.000001 -0.000000 3.735899 0.000000 1.000000 -0.000000
0.694594 -0.000000 3.260769 0.000000 1.000000 -0.000000
3
0.000000 0.000000 7.200000 0.000000 1.000000 -0.000000
3.064178 -0.000000 4.628850 0.000000 1.000000 -0.000000
2.000001 -0.000000 3.735899 0.000000 1.000000 -0.000000
3
0.000000 0.000000 7.200000 -0.000000 1.000000 -0.000000
3.758771 -0.000000 5.831921 -0.000000 1.000000 -0.000000
3.064178 -0.000000 4.628850 -0.000000 1.000000 -0.000000
3
0.000000 0.000000 7.200000 0.000000 1.000000 -0.000000
4.000000 0.000000 7.200000 0.000000 1.000000 -0.000000
3.758771 -0.000000 5.831921 0.000000 1.000000 -0.000000
3
4.000000 0.000000 7.200000 0.984808 0.000000 0.173648
3.758770 -0.400000 8.568080 0.984808 0.000000 0.173648
4.000000 -0.400000 7.200000 0.984808 0.000000 0.173648
3
4.000000 0.000000 7.200000 0.984808 0.000000 0.173648
3.758770 0.000000 8.568080 0.984808 0.000000 0.173648
3.758770 -0.400000 8.568080 0.984808 0.000000 0.173648
3
3.758770 0.000000 8.568080 0.866026 0.000000 0.500000
3.064178 -0.400000 9.771151 0.866026 0.000000 0.500000
3.758770 -0.400000 8.568080 0.866026 0.000000 0.500000
3
3.758770 0.000000 8.568080 0.866026 0.000000 0.500000
3.064178 0.000000 9.771151 0.866026 0.000000 0.500000
3.064178 -0.400000 9.771151 0.866026 0.000000 0.500000
3
3.064178 0.000000 9.771151 0.642787 0.000000 0.766045
2.000000 -0.400000 10.664102 0.642787 0.000000 0.766045
3.064178 -0.400000 9.771151 0.642787 0.000000 0.766045
3
3.064178 0.000000 9.771151 0.642787 0.000000 0.766045
2.000000 0.000000 10.664102 0.642787 0.000000 0.766045
2.000000 -0.400000 10.664102 0.642787 0.000000 0.766045
3
2.000000 0.000000 10.664102 0.342020 0.000000 0.939693
0.694592 -0.400000 11.139231 0.342020 0.000000 0.939693
2.000000 -0.400000 10.664102 0.342020 0.000000 0.939693
3
2.000000 0.000000 10.664102 0.342020 0.000000 0.939693
0.694592 0.000000 11.139231 0.342020 0.000000 0.939693
0.694592 -0.400000 11.139231 0.342020 0.000000 0.939693
3
0.694592 0.000000 11.139231 0.000000 0.000000 1.000000
-0.694593 -0.400000 11.139231 0.000000 0.000000 1.000000
0.694592 -0.400000 11.139231 0.000000 0.000000 1.000000
3
0.694592 0.000000 11.139231 0.000000 0.000000 1.000000
-0.694593 0.000000 11.139231 0.000000 0.000000 1.000000
-0.694593 -0.400000 11.139231 0.000000 0.000000 1.000000
3
-0.694593 0.000000 11.139231 -0.342021 0.000000 0.939692
-2.000000 -0.400000 10.664101 -0.342021 0.000000 0.939692
-0.694593 -0.400000 11.139231 -0.342021 0.000000 0.939692
3
-0.694593 0.000000 11.139231 -0.342021 0.000000 0.939692
-2.000000 0.000000 10.664101 -0.342021 0.000000 0.939692
-2.000000 -0.400000 10.664101 -0.342021 0.000000 0.939692
3
-2.000000 0.000000 10.664101 -0.642788 0.000000 0.766044
-3.064178 -0.400000 9.771150 -0.642788 0.000000 0.766044
-2.000000 -0.400000 10.664101 -0.642788 0.000000 0.766044
3
-2.000000 0.000000 10.664101 -0.642788 0.000000 0.766044
-3.064178 0.000000 9.771150 -0.642788 0.000000 0.766044
-3.064178 -0.400000 9.771150 -0.642788 0.000000 0.766044
3
-3.064178 0.000000 9.771150 -0.866025 0.000000 0.500000
-3.758771 -0.400000 8.568080 -0.866025 0.000000 0.500000
-3.064178 -0.400000 9.771150 -0.866025 0.000000 0.500000
3
-3.064178 0.000000 9.771150 -0.866025 0.000000 0.500000
-3.758771 0.000000 8.568080 -0.866025 0.000000 0.500000
-3.758771 -0.400000 8.568080 -0.866025 0.000000 0.500000
3
-3.758771 0.000000 8.568080 -0.984808 0.000000 0.173648
-4.000000 -0.400000 7.199999 -0.984808 0.000000 0.173648
-3.758771 -0.400000 8.568080 -0.984808 0.000000 0.173648
3
-3.758771 0.000000 8.568080 -0.984808 0.000000 0.173648
-4.000000 -0.000000 7.199999 -0.984808 0.000000 0.173648
-4.000000 -0.400000 7.199999 -0.984808 0.000000 0.173648
3
-4.000000 -0.000000 7.199999 -0.984808 0.000000 -0.173648
-3.758770 -0.400000 5.831919 -0.984808 0.000000 -0.173648
-4.000000 -0.400000 7.199999 -0.984808 0.000000 -0.173648
3
-4.000000 -0.000000 7.199999 -0.984808 0.000000 -0.173648
-3.758770 -0.000000 5.831919 -0.984808 0.000000 -0.173648
-3.758770 -0.400000 5.831919 -0.984808 0.000000 -0.173648
3
-3.758770 -0.000000 5.831919 -0.866025 0.000000 -0.500000
-3.064177 -0.400000 4.628849 -0.866025 0.000000 -0.500000
-3.758770 -0.400000 5.831919 -0.866025 0.000000 -0.500000
3
-3.758770 -0.000000 5.831919 -0.866025 0.000000 -0.500000
-3.064177 -0.000000 4.628849 -0.866025 0.000000 -0.500000
-3.064177 -0.400000 4.628849 -0.866025 0.000000 -0.500000
3
-3.064177 -0.000000 4.628849 -0.642787 0.000000 -0.766045
-1.999999 -0.400000 3.735898 -0.642787 0.000000 -0.766045
-3.064177 -0.400000 4.628849 -0.642787 0.000000 -0.766045
3
-3.064177 -0.000000 4.628849 -0.642787 0.000000 -0.766045
-1.999999 -0.000000 3.735898 -0.642787 0.000000 -0.766045
-1.999999 -0.400000 3.735898 -0.642787 0.000000 -0.766045
3
-1.999999 -0.000000 3.735898 -0.342020 0.000000 -0.939693
-0.694592 -0.400000 3.260769 -0.342020 0.000000 -0.939693
-1.999999 -0.400000 3.735898 -0.342020 0.000000 -0.939693
3
-1.999999 -0.000000 3.735898 -0.342020 0.000000 -0.939693
-0.694592 -0.000000 3.260769 -0.342020 0.000000 -0.939693
-0.694592 -0.400000 3.260769 -0.342020 0.000000 -0.939693
3
-0.694592 -0.000000 3.260769 0.000000 0.000000 -1.000000
0.694594 -0.400000 3.260769 0.000000 0.000000 -1.000000
-0.694592 -0.400000 3.260769 0.000000 0.000000 -1.000000
3
-0.694592 -0.000000 3.260769 0.000000 0.000000 -1.000000
0.694594 -0.000000 3.260769 0.000000 0.000000 -1.000000
0.694594 -0.400000 3.260769 0.000000 0.000000 -1.000000
3
0.694594 -0.000000 3.260769 0.342020 0.000000 -0.939693
2.000001 -0.400000 3.735899 0.342020 0.000000 -0.939693
0.694594 -0.400000 3.260769 0.342020 0.000000 -0.939693
3
0.694594 -0.000000 3.260769 0.342020 0.000000 -0.939693
2.000001 -0.000000 3.735899 0.342020 0.000000 -0.939693
2.000001 -0.400000 3.735899 0.342020 0.000000 -0.939693
3
2.000001 -0.000000 3.735899 0.642788 0.000000 -0.766044
3.064178 -0.400000 4.628850 0.642788 0.000000 -0.766044
2.000001 -0.400000 3.735899 0.642788 0.000000 -0.766044
3
2.000001 -0.000000 3.735899 0.642788 0.000000 -0.766044
3.064178 -0.000000 4.628850 0.642788 0.000000 -0.766044
3.064178 -0.400000 4.628850 0.642788 0.000000 -0.766044
3
3.064178 -0.000000 4.628850 0.866026 0.000000 -0.500000
3.758771 -0.400000 5.831921 0.866026 0.000000 -0.500000
3.064178 -0.400000 4.628850 0.866026 0.000000 -0.500000
3
3.064178 -0.000000 4.628850 0.866026 0.000000 -0.500000
3.758771 -0.000000 5.831921 0.866026 0.000000 -0.500000
3.758771 -0.400000 5.831921 0.866026 0.000000 -0.500000
3
3.758771 -0.000000 5.831921 0.984808 0.000000 -0.173648
4.000000 -0.400000 7.200000 0.984808 0.000000 -0.173648
3.758771 -0.400000 5.831921 0.984808 0.000000 -0.173648
3
3.758771 -0.000000 5.831921 0.984808 0.000000 -0.173648
4.000000 0.000000 7.200000 0.984808 0.000000 -0.173648
4.000000 -0.400000 7.200000 0.984808 0.000000 -0.173648
3
4.000000 -0.400000 7.200000 0.984808 0.000000 0.173648
3.758770 -0.800000 8.568080 0.984808 0.000000 0.173648
4.000000 -0.800000 7.200000 0.984808 0.000000 0.173648
3
4.000000 -0.400000 7.200000 0.984808 0.000000 0.173648
3.758770 -0.400000 8.568080 0.984808 0.000000 0.173648
3.758770 -0.800000 8.568080 0.984808 0.000000 0.173648
3
3.758770 -0.400000 8.568080 0.866026 0.000000 0.500000
3.064178 -0.800000 9.771151 0.866026 0.000000 0.500000
3.758770 -0.800000 8.568080 0.866026 0.000000 0.500000
3
3.758770 -0.400000 8.568080 0.866026 0.000000 0.500000
3.064178 -0.400000 9.771151 0.866026 0.000000 0.500000
3.064178 -0.800000 9.771151 0.866026 0.000000 0.500000
3
3.064178 -0.400000 9.771151 0.642787 0.000000 0.766045
2.000000 -0.800000 10.664102 0.642787 0.000000 0.766045
3.064178 -0.800000 9.771151 0.642787 0.000000 0.766045
3
3.064178 -0.400000 9.771151 0.642787 0.000000 0.766045
2.000000 -0.400000 10.664102 0.642787 0.000000 0.766045
2.000000 -0.800000 10.664102 0.642787 0.000000 0.766045
3
2.000000 -0.400000 10.664102 0.342020 0.000000 0.939693
0.694592 -0.800000 11.139231 0.342020 0.000000 0.939693
2.000000 -0.800000 10.664102 0.342020 0.000000 0.939693
3
2.000000 -0.400000 10.664102 0.342020 0.000000 0.939693
0.694592 -0.400000 11.139231 0.342020 0.000000 0.939693
0.694592 -0.800000 11.139231 0.342020 0.000000 0.939693
3
0.694592 -0.400000 11.139231 0.000000 0.000000 1.000000
-0.694593 -0.800000 11.139231 0.000000 0.000000 1.000000
0.694592 -0.800000 11.139231 0.000000 0.000000 1.000000
3
0.694592 -0.400000 11.139231 0.000000 0.000000 1.000000
-0.694593 -0.400000 11.139231 0.000000 0.000000 1.000000
-0.694593 -0.800000 11.139231 0.000000 0.000000 1.000000
3
-0.694593 -0.400000 11.139231 -0.342021 0.000000 0.939692
-2.000000 -0.800000 10.664101 -0.342021 0.000000 0.939692
-0.694593 -0.800000 11.139231 -0.342021 0.000000 0.939692
3
-0.694593 -0.400000 11.139231 -0.342021 0.000000 0.939692
-2.000000 -0.400000 10.664101 -0.342021 0.000000 0.939692
-2.000000 -0.800000 10.664101 -0.342021 0.000000 0.939692
3
-2.000000 -0.400000 10.664101 -0.642788 0.000000 0.766044
-3.064178 -0.800000 9.771150 -0.642788 0.000000 0.766044
-2.000000 -0.800000 10.664101 -0.642788 0.000000 0.766044
3
-2.000000 -0.400000 10.664101 -0.642788 0.000000 0.766044
-3.064178 -0.400000 9.771150 -0.642788 0.000000 0.766044
-3.064178 -0.800000 9.771150 -0.642788 0.000000 0.766044
3
-3.064178 -0.400000 9.771150 -0.866025 0.000000 0.500000
-3.758771 -0.800000 8.568080 -0.866025 0.000000 0.500000
-3.064178 -0.800000 9.771150 -0.866025 0.000000 0.500000
3
-3.064178 -0.400000 9.771150 -0.866025 0.000000 0.500000
-3.758771 -0.400000 8.568080 -0.866025 0.000000 0.500000
-3.758771 -0.800000 8.568080 -0.866025 0.000000 0.500000
3
-3.758771 -0.400000 8.568080 -0.984808 0.000000 0.173648
-4.000000 -0.800000 7.199999 -0.984808 0.000000 0.173648
-3.758771 -0.800000 8.568080 -0.984808 0.000000 0.173648
3
-3.758771 -0.400000 8.568080 -0.984808 0.000000 0.173648
-4.000000 -0.400000 7.199999 -0.984808 0.000000 0.173648
-4.000000 -0.800000 7.199999 -0.984808 0.000000 0.173648
3
-4.000000 -0.400000 7.199999 -0.984808 0.000000 -0.173648
-3.758770 -0.800000 5.831919 -0.984808 0.000000 -0.173648
-4.000000 -0.800000 7.199999 -0.984808 0.000000 -0.173648
3
-4.000000 -0.400000 7.199999 -0.984808 0.000000 -0.173648
-3.758770 -0.400000 5.831919 -0.984808 0.000000 -0.173648
-3.758770 -0.800000 5.831919 -0.984808 0.000000 -0.173648
3
-3.758770 -0.400000 5.831919 -0.866025 0.000000 -0.500000
-3.064177 -0.800000 4.628849 -0.866025 0.000000 -0.500000
-3.758770 -0.800000 5.831919 -0.866025 0.000000 -0.500000
3
-3.758770 -0.400000 5.831919 -0.866025 0.000000 -0.500000
-3.064177 -0.400000 4.628849 -0.866025 0.000000 -0.500000
-3.064177 -0.800000 4.628849 -0.866025 0.000000 -0.500000
3
-3.064177 -0.400000 4.628849 -0.642787 0.000000 -0.766045
-1.999999 -0.800000 3.735898 -0.642787 0.000000 -0.766045
-3.064177 -0.800000 4.628849 -0.642787 0.000000 -0.766045
3
-3.064177 -0.400000 4.628849 -0.642787 0.000000 -0.766045
-1.999999 -0.400000 3.735898 -0.642787 0.000000 -0.766045
-1.999999 -0.800000 3.735898 -0.642787 0.000000 -0.766045
3
-1.999999 -0.400000 3.735898 -0.342020 0.000000 -0.939693
-0.694592 -0.800000 3.260769 -0.342020 0.000000 -0.939693
-1.999999 -0.800000 3.735898 -0.342020 0.000000 -0.939693
3
-1.999999 -0.400000 3.735898 -0.342020 0.000000 -0.939693
-0.694592 -0.400000 3.260769 -0.342020 0.000000 -0.939693
-0.694592 -0.800000 3.260769 -0.342020 0.000000 -0.939693
3
-0.694592 -0.400000 3.260769 0.000000 0.000000 -1.000000
0.694594 -0.800000 3.260769 0.000000 0.000000 -1.000000
-0.694592 -0.800000 3.260769 0.000000 0.000000 -1.000000
3
-0.694592 -0.400000 3.260769 0.000000 0.000000 -1.000000
0.694594 -0.400000 3.260769 0.000000 0.000000 -1.000000
0.694594 -0.800000 3.260769 0.000000 0.000000 -1.000000
3
0.694594 -0.400000 3.260769 0.342020 0.000000 -0.939693
2.000001 -0.800000 3.735899 0.342020 0.000000 -0.939693
0.694594 -0.800000 3.260769 0.342020 0.000000 -0.939693
3
0.694594 -0.400000 3.260769 0.342020 0.000000 -0.939693
2.000001 -0.400000 3.735899 0.342020 0.000000 -0.939693
2.000001 -0.800000 3.735899 0.342020 0.000000 -0.939693
3
2.000001 -0.400000 3.735899 0.642788 0.000000 -0.766044
3.064178 -0.800000 4.628850 0.642788 0.000000 -0.766044
2.000001 -0.800000 3.735899 0.642788 0.000000 -0.766044
3
2.000001 -0.400000 3.735899 0.642788 0.000000 -0.766044
3.064178 -0.400000 4.628850 0.642788 0.000000 -0.766044
3.064178 -0.800000 4.628850 0.642788 0.000000 -0.766044
3
3.064178 -0.400000 4.628850 0.866026 0.000000 -0.500000
3.758771 -0.800000 5.831921 0.866026 0.000000 -0.500000
3.064178 -0.800000 4.628850 0.866026 0.000000 -0.500000
3
3.064178 -0.400000 4.628850 0.866026 0.000000 -0.500000
3.758771 -0.400000 5.831921 0.866026 0.000000 -0.500000
3.758771 -0.800000 5.831921 0.866026 0.000000 -0.500000
3
3.758771 -0.400000 5.831921 0.984808 0.000000 -0.173648
4.000000 -0.800000 7.200000 0.984808 0.000000 -0.173648
3.758771 -0.800000 5.831921 0.984808 0.000000 -0.173648
3
3.758771 -0.400000 5.831921 0.984808 0.000000 -0.173648
4.000000 -0.400000 7.200000 0.984808 0.000000 -0.173648
4.000000 -0.800000 7.200000 0.984808 0.000000 -0.173648
3
4.000000 -0.800000 7.200000 0.984808 0.000000 0.173648
3.758770 -1.200000 8.568080 0.984808 0.000000 0.173648
4.000000 -1.200000 7.200000 0.984808 0.000000 0.173648
3
4.000000 -0.800000 7.200000 0.984808 0.000000 0.173648
3.758770 -0.800000 8.568080 0.984808 0.000000 0.173648
3.758770 -1.200000 8.568080 0.984808 0.000000 0.173648
3
3.758770 -0.800000 8.568080 0.866026 0.000000 0.500000
3.064178 -1.200000 9.771151 0.866026 0.000000 0.500000
3.758770 -1.200000 8.568080 0.866026 0.000000 0.500000
3
3.758770 -0.800000 8.568080 0.866026 0.000000 0.500000
3.064178 -0.800000 9.771151 0.866026 0.000000 0.500000
3.064178 -1.200000 9.771151 0.866026 0.000000 0.500000
3
3.064178 -0.800000 9.771151 0.642787 0.000000 0.766045
2.000000 -1.200000 10.664102 0.642787 0.000000 0.766045
3.064178 -1.200000 9.771151 0.642787 0.000000 0.766045
3
3.064178 -0.800000 9.771151 0.642787 0.000000 0.766045
2.000000 -0.800000 10.664102 0.642787 0.000000 0.766045
2.000000 -1.200000 10.664102 0.642787 0.000000 0.766045
3
2.000000 -0.800000 10.664102 0.342020 0.000000 0.939693
0.694592 -1.200000 11.139231 0.342020 0.000000 0.939693
2.000000 -1.200000 10.664102 0.342020 0.000000 0.939693
3
2.000000 -0.800000 10.664102 0.342020 0.000000 0.939693
0.694592 -0.800000 11.139231 0.342020 0.000000 0.939693
0.694592 -1.200000 11.139231 0.342020 0.000000 0.939693
3
0.694592 -0.800000 11.139231 0.000000 0.000000 1.000000
-0.694593 -1.200000 11.139231 0.000000 0.000000 1.000000
0.694592 -1.200000 11.139231 0.000000 0.000000 1.000000
3
0.694592 -0.800000 11.139231 0.000000 0.000000 1.000000
-0.694593 -0.800000 11.139231 0.000000 0.000000 1.000000
-0.694593 -1.200000 11.139231 0.000000 0.000000 1.000000
3
-0.694593 -0.800000 11.139231 -0.342021 0.000000 0.939692
-2.000000 -1.200000 10.664101 -0.342021 0.000000 0.939692
-0.694593 -1.200000 11.139231 -0.342021 0.000000 0.939692
3
-0.694593 -0.800000 11.139231 -0.342021 0.000000 0.939692
-2.000000 -0.800000 10.664101 -0.342021 0.000000 0.939692
-2.000000 -1.200000 10.664101 -0.342021 0.000000 0.939692
3
-2.000000 -0.800000 10.664101 -0.642788 0.000000 0.766044
-3.064178 -1.200000 9.771150 -0.642788 0.000000 0.766044
-2.000000 -1.200000 10.664101 -0.642788 0.000000 0.766044
3
-2.000000 -0.800000 10.664101 -0.642788 0.000000 0.766044
-3.064178 -0.800000 9.771150 -0.642788 0.000000 0.766044
-3.064178 -1.200000 9.771150 -0.642788 0.000000 0.766044
3
-3.064178 -0.800000 9.771150 -0.866025 0.000000 0.500000
-3.758771 -1.200000 8.568080 -0.866025 0.000000 0.500000
-3.064178 -1.200000 9.771150 -0.866025 0.000000 0.500000
3
-3.064178 -0.800000 9.771150 -0.866025 0.000000 0.500000
-3.758771 -0.800000 8.568080 -0.866025 0.000000 0.500000
-3.758771 -1.200000 8.568080 -0.866025 0.000000 0.500000
3
-3.758771 -0.800000 8.568080 -0.984808 0.000000 0.173648
-4.000000 -1.200000 7.199999 -0.984808 0.000000 0.173648
-3.758771 -1.200000 8.568080 -0.984808 0.000000 0.173648
3
-3.758771 -0.800000 8.568080 -0.984808 0.000000 0.173648
-4.000000 -0.800000 7.199999 -0.984808 0.000000 0.173648
-4.000000 -1.200000 7.199999 -0.984808 0.000000 0.173648
3
-4.000000 -0.800000 7.199999 -0.984808 0.000000 -0.173648
-3.758770 -1.200000 5.831919 -0.984808 0.000000 -0.173648
-4.000000 -1.200000 7.199999 -0.984808 0.000000 -0.173648
3
-4.000000 -0.800000 7.199999 -0.984808 0.000000 -0.173648
-3.758770 -0.800000 5.831919 -0.984808 0.000000 -0.173648
-3.758770 -1.200000 5.831919 -0.984808 0.000000 -0.173648
3
-3.758770 -0.800000 5.831919 -0.866025 0.000000 -0.500000
-3.064177 -1.200000 4.628849 -0.866025 0.000000 -0.500000
-3.758770 -1.200000 5.831919 -0.866025 0.000000 -0.500000
3
-3.758770 -0.800000 5.831919 -0.866025 0.000000 -0.500000
-3.064177 -0.800000 4.628849 -0.866025 0.000000 -0.500000
-3.064177 -1.200000 4.628849 -0.866025 0.000000 -0.500000
3
-3.064177 -0.800000 4.628849 -0.642787 0.000000 -0.766045
-1.999999 -1.200000 3.735898 -0.642787 0.000000 -0.766045
-3.064177 -1.200000 4.628849 -0.642787 0.000000 -0.766045
3
-3.064177 -0.800000 4.628849 -0.642787 0.000000 -0.766045
-1.999999 -0.800000 3.735898 -0.642787 0.000000 -0.766045
-1.999999 -1.200000 3.735898 -0.642787 0.000000 -0.766045
3
-1.999999 -0.800000 3.735898 -0.342020 0.000000 -0.939693
-0.694592 -1.200000 3.260769 -0.342020 0.000000 -0.939693
-1.999999 -1.200000 3.735898 -0.342020 0.000000 -0.939693
3
-1.999999 -0.800000 3.735898 -0.342020 0.000000 -0.939693
-0.694592 -0.800000 3.260769 -0.342020 0.000000 -0.939693
-0.694592 -1.200000 3.260769 -0.342020 0.000000 -0.939693
3
-0.694592 -0.800000 3.260769 0.000000 0.000000 -1.000000
0.694594 -1.200000 3.260769 0.000000 0.000000 -1.000000
-0.694592 -1.200000 3.260769 0.000000 0.000000 -1.000000
3
-0.694592 -0.800000 3.260769 0.000000 0.000000 -1.000000
0.694594 -0.800000 3.260769 0.000000 0.000000 -1.000000
0.694594 -1.200000 3.260769 0.000000 0.000000 -1.000000
3
0.694594 -0.800000 3.260769 0.342020 0.000000 -0.939693
2.000001 -1.200000 3.735899 0.342020 0.000000 -0.939693
0.694594 -1.200000 3.260769 0.342020 0.000000 -0.939693
3
0.694594 -0.800000 3.260769 0.342020 0.000000 -0.939693
2.000001 -0.800000 3.735899 0.342020 0.000000 -0.939693
2.000001 -1.200000 3.735899 0.342020 0.000000 -0.939693
3
2.000001 -0.800000 3.735899 0.642788 0.000000 -0.766044
3.064178 -1.200000 4.628850 0.642788 0.000000 -0.766044
2.000001 -1.200000 3.735899 0.642788 0.000000 -0.766044
3
2.000001 -0.800000 3.735899 0.642788 0.000000 -0.766044
3.064178 -0.800000 4.628850 0.642788 0.000000 -0.766044
3.064178 -1.200000 4.628850 0.642788 0.000000 -0.766044
3
3.064178 -0.800000 4.628850 0.866026 0.000000 -0.500000
3.758771 -1.200000 5.831921 0.866026 0.000000 -0.500000
3.064178 -1.200000 4.628850 0.866026 0.000000 -0.500000
3
3.064178 -0.800000 4.628850 0.866026 0.000000 -0.500000
3.758771 -0.800000 5.831921 0.866026 0.000000 -0.500000
3.758771 -1.200000 5.831921 0.866026 0.000000 -0.500000
3
3.758771 -0.800000 5.831921 0.984808 0.000000 -0.173648
4.000000 -1.200000 7.200000 0.984808 0.000000 -0.173648
3.758771 -1.200000 5.831921 0.984808 0.000000 -0.173648
3
3.758771 -0.800000 5.831921 0.984808 0.000000 -0.173648
4.000000 -0.800000 7.200000 0.984808 0.000000 -0.173648
4.000000 -1.200000 7.200000 0.984808 0.000000 -0.173648
3
4.000000 -1.200000 7.200000 0.984808 0.000000 0.173648
3.758770 -1.600000 8.568081 0.984808 0.000000 0.173648
4.000000 -1.600000 7.200000 0.984808 0.000000 0.173648
3
4.000000 -1.200000 7.200000 0.984808 0.000000 0.173648
3.758770 -1.200000 8.568080 0.984808 0.000000 0.173648
3.758770 -1.600000 8.568081 0.984808 0.000000 0.173648
3
3.758770 -1.200000 8.568080 0.866025 0.000001 0.500000
3.064178 -1.600000 9.771151 0.866025 0.000001 0.500000
3.758770 -1.600000 8.568081 0.866025 0.000001 0.500000
3
3.758770 -1.200000 8.568080 0.866026 0.000000 0.500000
3.064178 -1.200000 9.771151 0.866026 0.000000 0.500000
3.064178 -1.600000 9.771151 0.866026 0.000000 0.500000
3
3.064178 -1.200000 9.771151 0.642787 0.000000 0.766045
2.000000 -1.600000 10.664102 0.642787 0.000000 0.766045
3.064178 -1.600000 9.771151 0.642787 0.000000 0.766045
3
3.064178 -1.200000 9.771151 0.642787 0.000000 0.766045
2.000000 -1.200000 10.664102 0.642787 0.000000 0.766045
2.000000 -1.600000 10.664102 0.642787 0.000000 0.766045
3
2.000000 -1.200000 10.664102 0.342020 0.000000 0.939693
0.694592 -1.600000 11.139231 0.342020 0.000000 0.939693
2.000000 -1.600000 10.664102 0.342020 0.000000 0.939693
3
2.000000 -1.200000 10.664102 0.342020 0.000000 0.939693
0.694592 -1.200000 11.139231 0.342020 0.000000 0.939693
0.694592 -1.600000 11.139231 0.342020 0.000000 0.939693
3
0.694592 -1.200000 11.139231 0.000000 0.000000 1.000000
-0.694593 -1.600000 11.139231 0.000000 0.000000 1.000000
0.694592 -1.600000 11.139231 0.000000 0.000000 1.000000
3
0.694592 -1.200000 11.139231 0.000000 0.000000 1.000000
-0.694593 -1.200000 11.139231 0.000000 0.000000 1.000000
-0.694593 -1.600000 11.139231 0.000000 0.000000 1.000000
3
-0.694593 -1.200000 11.139231 -0.342021 0.000000 0.939692
-2.000000 -1.600000 10.664101 -0.342021 0.000000 0.939692
-0.694593 -1.600000 11.139231 -0.342021 0.000000 0.939692
3
-0.694593 -1.200000 11.139231 -0.342021 0.000000 0.939692
-2.000000 -1.200000 10.664101 -0.342021 0.000000 0.939692
-2.000000 -1.600000 10.664101 -0.342021 0.000000 0.939692
3
-2.000000 -1.200000 10.664101 -0.642788 0.000000 0.766044
-3.064178 -1.600000 9.771150 -0.642788 0.000000 0.766044
-2.000000 -1.600000 10.664101 -0.642788 0.000000 0.766044
3
-2.000000 -1.200000 10.664101 -0.642788 0.000000 0.766044
-3.064178 -1.200000 9.771150 -0.642788 0.000000 0.766044
-3.064178 -1.600000 9.771150 -0.642788 0.000000 0.766044
3
-3.064178 -1.200000 9.771150 -0.866025 0.000000 0.500000
-3.758771 -1.600000 8.568080 -0.866025 0.000000 0.500000
-3.064178 -1.600000 9.771150 -0.866025 0.000000 0.500000
3
-3.064178 -1.200000 9.771150 -0.866025 0.000000 0.500000
-3.758771 -1.200000 8.568080 -0.866025 0.000000 0.500000
-3.758771 -1.600000 8.568080 -0.866025 0.000000 0.500000
3
-3.758771 -1.200000 8.568080 -0.984808 0.000000 0.173648
-4.000000 -1.600000 7.199999 -0.984808 0.000000 0.173648
-3.758771 -1.600000 8.568080 -0.984808 0.000000 0.173648
3
-3.758771 -1.200000 8.568080 -0.984808 0.000000 0.173648
-4.000000 -1.200000 7.199999 -0.984808 0.000000 0.173648
-4.000000 -1.600000 7.199999 -0.984808 0.000000 0.173648
3
-4.000000 -1.200000 7.199999 -0.984808 0.000000 -0.173648
-3.758770 -1.600000 5.831919 -0.984808 0.000000 -0.173648
-4.000000 -1.600000 7.199999 -0.984808 0.000000 -0.173648
3
-4.000000 -1.200000 7.199999 -0.984808 0.000000 -0.173648
-3.758770 -1.200000 5.831919 -0.984808 0.000000 -0.173648
-3.758770 -1.600000 5.831919 -0.984808 0.000000 -0.173648
3
-3.758770 -1.200000 5.831919 -0.866025 0.000000 -0.500000
-3.064177 -1.600000 4.628849 -0.866025 0.000000 -0.500000
-3.758770 -1.600000 5.831919 -0.866025 0.000000 -0.500000
3
-3.758770 -1.200000 5.831919 -0.866025 0.000000 -0.500000
-3.064177 -1.200000 4.628849 -0.866025 0.000000 -0.500000
-3.064177 -1.600000 4.628849 -0.866025 0.000000 -0.500000
3
-3.064177 -1.200000 4.628849 -0.642787 0.000000 -0.766045
-1.999999 -1.600000 3.735898 -0.642787 0.000000 -0.766045
-3.064177 -1.600000 4.628849 -0.642787 0.000000 -0.766045
3
-3.064177 -1.200000 4.628849 -0.642787 0.000000 -0.766045
-1.999999 -1.200000 3.735898 -0.642787 0.000000 -0.766045
-1.999999 -1.600000 3.735898 -0.642787 0.000000 -0.766045
3
-1.999999 -1.200000 3.735898 -0.342020 0.000000 -0.939693
-0.694592 -1.600000 3.260769 -0.342020 0.000000 -0.939693
-1.999999 -1.600000 3.735898 -0.342020 0.000000 -0.939693
3
-1.999999 -1.200000 3.735898 -0.342020 0.000000 -0.939693
-0.694592 -1.200000 3.260769 -0.342020 0.000000 -0.939693
-0.694592 -1.600000 3.260769 -0.342020 0.000000 -0.939693
3
-0.694592 -1.200000 3.260769 0.000000 0.000000 -1.000000
0.694594 -1.600000 3.260769 0.000000 0.000000 -1.000000
-0.694592 -1.600000 3.260769 0.000000 0.000000 -1.000000
3
-0.694592 -1.200000 3.260769 0.000000 0.000000 -1.000000
0.694594 -1.200000 3.260769 0.000000 0.000000 -1.000000
0.694594 -1.600000 3.260769 0.000000 0.000000 -1.000000
3
0.694594 -1.200000 3.260769 0.342020 0.000000 -0.939693
2.000001 -1.600000 3.735899 0.342020 0.000000 -0.939693
0.694594 -1.600000 3.260769 0.342020 0.000000 -0.939693
3
0.694594 -1.200000 3.260769 0.342020 0.000000 -0.939693
2.000001 -1.200000 3.735899 0.342020 0.000000 -0.939693
2.000001 -1.600000 3.735899 0.342020 0.000000 -0.939693
3
2.000001 -1.200000 3.735899 0.642788 0.000000 -0.766044
3.064178 -1.600000 4.628850 0.642788 0.000000 -0.766044
2.000001 -1.600000 3.735899 0.642788 0.000000 -0.766044
3
2.000001 -1.200000 3.735899 0.642788 0.000000 -0.766044
3.064178 -1.200000 4.628850 0.642788 0.000000 -0.766044
3.064178 -1.600000 4.628850 0.642788 0.000000 -0.766044
3
3.064178 -1.200000 4.628850 0.866026 0.000000 -0.500000
3.758771 -1.600000 5.831921 0.866026 0.000000 -0.500000
3.064178 -1.600000 4.628850 0.866026 0.000000 -0.500000
3
3.064178 -1.200000 4.628850 0.866026 0.000000 -0.500000
3.758771 -1.200000 5.831921 0.866026 0.000000 -0.500000
3.758771 -1.600000 5.831921 0.866026 0.000000 -0.500000
3
3.758771 -1.200000 5.831921 0.984808 0.000000 -0.173648
4.000000 -1.600000 7.200000 0.984808 0.000000 -0.173648
3.758771 -1.600000 5.831921 0.984808 0.000000 -0.173648
3
3.758771 -1.200000 5.831921 0.984808 0.000000 -0.173648
4.000000 -1.200000 7.200000 0.984808 0.000000 -0.173648
4.000000 -1.600000 7.200000 0.984808 0.000000 -0.173648
3
4.000000 -1.600000 7.200000 0.984808 0.000000 0.173648
3.758770 -2.000000 8.568081 0.984808 0.000000 0.173648
4.000000 -2.000000 7.200000 0.984808 0.000000 0.173648
3
4.000000 -1.600000 7.200000 0.984808 0.000000 0.173648
3.758770 -1.600000 8.568081 0.984808 0.000000 0.173648
3.758770 -2.000000 8.568081 0.984808 0.000000 0.173648
3
3.758770 -1.600000 8.568081 0.866025 0.000000 0.500000
3.064178 -2.000000 9.771151 0.866025 0.000000 0.500000
3.758770 -2.000000 8.568081 0.866025 0.000000 0.500000
3
3.758770 -1.600000 8.568081 0.866025 0.000000 0.500000
3.064178 -1.600000 9.771151 0.866025 0.000000 0.500000
3.064178 -2.000000 9.771151 0.866025 0.000000 0.500000
3
3.064178 -1.600000 9.771151 0.642787 0.000000 0.766045
2.000000 -2.000000 10.664102 0.642787 0.000000 0.766045
3.064178 -2.000000 9.771151 0.642787 0.000000 0.766045
3
3.064178 -1.600000 9.771151 0.642787 0.000000 0.766045
2.000000 -1.600000 10.664102 0.642787 0.000000 0.766045
2.000000 -2.000000 10.664102 0.642787 0.000000 0.766045
3
2.000000 -1.600000 10.664102 0.342020 0.000000 0.939693
0.694592 -2.000000 11.139231 0.342020 0.000000 0.939693
2.000000 -2.000000 10.664102 0.342020 0.000000 0.939693
3
2.000000 -1.600000 10.664102 0.342020 0.000000 0.939693
0.694592 -1.600000 11.139231 0.342020 0.000000 0.939693
0.694592 -2.000000 11.139231 0.342020 0.000000 0.939693
3
0.694592 -1.600000 11.139231 0.000000 0.000000 1.000000
-0.694593 -2.000000 11.139231 0.000000 0.000000 1.000000
0.694592 -2.000000 11.139231 0.000000 0.000000 1.000000
3
0.694592 -1.600000 11.139231 0.000000 0.000000 1.000000
-0.694593 -1.600000 11.139231 0.000000 0.000000 1.000000
-0.694593 -2.000000 11.139231 0.000000 0.000000 1.000000
3
-0.694593 -1.600000 11.139231 -0.342021 0.000000 0.939692
-2.000000 -2.000000 10.664101 -0.342021 0.000000 0.939692
-0.694593 -2.000000 11.139231 -0.342021 0.000000 0.939692
3
-0.694593 -1.600000 11.139231 -0.342021 0.000000 0.939692
-2.000000 -1.600000 10.664101 -0.342021 0.000000 0.939692
-2.000000 -2.000000 10.664101 -0.342021 0.000000 0.939692
3
-2.000000 -1.600000 10.664101 -0.642788 0.000000 0.766044
-3.064178 -2.000000 9.771150 -0.642788 0.000000 0.766044
-2.000000 -2.000000 10.664101 -0.642788 0.000000 0.766044
3
-2.000000 -1.600000 10.664101 -0.642788 0.000000 0.766044
-3.064178 -1.600000 9.771150 -0.642788 0.000000 0.766044
-3.064178 -2.000000 9.771150 -0.642788 0.000000 0.766044
3
-3.064178 -1.600000 9.771150 -0.866025 0.000000 0.500000
-3.758771 -2.000000 8.568080 -0.866025 0.000000 0.500000
-3.064178 -2.000000 9.771150 -0.866025 0.000000 0.500000
3
-3.064178 -1.600000 9.771150 -0.866025 0.000000 0.500000
-3.758771 -1.600000 8.568080 -0.866025 0.000000 0.500000
-3.758771 -2.000000 8.568080 -0.866025 0.000000 0.500000
3
-3.758771 -1.600000 8.568080 -0.984808 0.000000 0.173648
-4.000000 -2.000000 7.199999 -0.984808 0.000000 0.173648
-3.758771 -2.000000 8.568080 -0.984808 0.000000 0.173648
3
-3.758771 -1.600000 8.568080 -0.984808 0.000000 0.173648
-4.000000 -1.600000 7.199999 -0.984808 0.000000 0.173648
-4.000000 -2.000000 7.199999 -0.984808 0.000000 0.173648
3
-4.000000 -1.600000 7.199999 -0.984808 0.000000 -0.173648
-3.758770 -2.000000 5.831919 -0.984808 0.000000 -0.173648
-4.000000 -2.000000 7.199999 -0.984808 0.000000 -0.173648
3
-4.000000 -1.600000 7.199999 -0.984808 0.000000 -0.173648
-3.758770 -1.600000 5.831919 -0.984808 0.000000 -0.173648
-3.758770 -2.000000 5.831919 -0.984808 0.000000 -0.173648
3
-3.758770 -1.600000 5.831919 -0.866025 0.000000 -0.500000
-3.064177 -2.000000 4.628849 -0.866025 0.000000 -0.500000
-3.758770 -2.000000 5.831919 -0.866025 0.000000 -0.500000
3
-3.758770 -1.600000 5.831919 -0.866025 0.000000 -0.500000
-3.064177 -1.600000 4.628849 -0.866025 0.000000 -0.500000
-3.064177 -2.000000 4.628849 -0.866025 0.000000 -0.500000
3
-3.064177 -1.600000 4.628849 -0.642787 0.000000 -0.766045
-1.999999 -2.000000 3.735898 -0.642787 0.000000 -0.766045
-3.064177 -2.000000 4.628849 -0.642787 0.000000 -0.766045
3
-3.064177 -1.600000 4.628849 -0.642787 0.000000 -0.766045
-1.999999 -1.600000 3.735898 -0.642787 0.000000 -0.766045
-1.999999 -2.000000 3.735898 -0.642787 0.000000 -0.766045
3
-1.999999 -1.600000 3.735898 -0.342020 0.000000 -0.939693
-0.694592 -2.000000 3.260769 -0.342020 0.000000 -0.939693
-1.999999 -2.000000 3.735898 -0.342020 0.000000 -0.939693
3
-1.999999 -1.600000 3.735898 -0.342020 0.000000 -0.939693
-0.694592 -1.600000 3.260769 -0.342020 0.000000 -0.939693
-0.694592 -2.000000 3.260769 -0.342020 0.000000 -0.939693
3
-0.694592 -1.600000 3.260769 0.000000 0.000000 -1.000000
0.694594 -2.000000 3.260769 0.000000 0.000000 -1.000000
-0.694592 -2.000000 3.260769 0.000000 0.000000 -1.000000
3
-0.694592 -1.600000 3.260769 0.000000 0.000000 -1.000000
0.694594 -1.600000 3.260769 0.000000 0.000000 -1.000000
0.694594 -2.000000 3.260769 0.000000 0.000000 -1.000000
3
0.694594 -1.600000 3.260769 0.342020 0.000000 -0.939693
2.000001 -2.000000 3.735899 0.342020 0.000000 -0.939693
0.694594 -2.000000 3.260769 0.342020 0.000000 -0.939693
3
0.694594 -1.600000 3.260769 0.342020 0.000000 -0.939693
2.000001 -1.600000 3.735899 0.342020 0.000000 -0.939693
2.000001 -2.000000 3.735899 0.342020 0.000000 -0.939693
3
2.000001 -1.600000 3.735899 0.642788 0.000000 -0.766044
3.064178 -2.000000 4.628850 0.642788 0.000000 -0.766044
2.000001 -2.000000 3.735899 0.642788 0.000000 -0.766044
3
2.000001 -1.600000 3.735899 0.642788 0.000000 -0.766044
3.064178 -1.600000 4.628850 0.642788 0.000000 -0.766044
3.064178 -2.000000 4.628850 0.642788 0.000000 -0.766044
3
3.064178 -1.600000 4.628850 0.866026 0.000000 -0.500000
3.758771 -2.000000 5.831921 0.866026 0.000000 -0.500000
3.064178 -2.000000 4.628850 0.866026 0.000000 -0.500000
3
3.064178 -1.600000 4.628850 0.866026 0.000000 -0.500000
3.758771 -1.600000 5.831921 0.866026 0.000000 -0.500000
3.758771 -2.000000 5.831921 0.866026 0.000000 -0.500000
3
3.758771 -1.600000 5.831921 0.984808 0.000000 -0.173648
4.000000 -2.000000 7.200000 0.984808 0.000000 -0.173648
3.758771 -2.000000 5.831921 0.984808 0.000000 -0.173648
3
3.758771 -1.600000 5.831921 0.984808 0.000000 -0.173648
4.000000 -1.600000 7.200000 0.984808 0.000000 -0.173648
4.000000 -2.000000 7.200000 0.984808 0.000000 -0.173648
3
0.000000 -2.000000 7.200000 0.000000 -1.000000 0.000000
4.000000 -2.000000 7.200000 0.000000 -1.000000 0.000000
3.758770 -2.000000 8.568081 0.000000 -1.000000 0.000000
3
0.000000 -2.000000 7.200000 0.000000 -1.000000 0.000000
3.758770 -2.000000 8.568081 0.000000 -1.000000 0.000000
3.064178 -2.000000 9.771151 0.000000 -1.000000 0.000000
3
0.000000 -2.000000 7.200000 -0.000000 -1.000000 0.000000
3.064178 -2.000000 9.771151 -0.000000 -1.000000 0.000000
2.000000 -2.000000 10.664102 -0.000000 -1.000000 0.000000
3
0.000000 -2.000000 7.200000 0.000000 -1.000000 0.000000
2.000000 -2.000000 10.664102 0.000000 -1.000000 0.000000
0.694592 -2.000000 11.139231 0.000000 -1.000000 0.000000
3
0.000000 -2.000000 7.200000 0.000000 -1.000000 0.000000
0.694592 -2.000000 11.139231 0.000000 -1.000000 0.000000
-0.694593 -2.000000 11.139231 0.000000 -1.000000 0.000000
3
0.000000 -2.000000 7.200000 -0.000000 -1.000000 0.000000
-0.694593 -2.000000 11.139231 -0.000000 -1.000000 0.000000
-2.000000 -2.000000 10.664101 -0.000000 -1.000000 0.000000
3
0.000000 -2.000000 7.200000 0.000000 -1.000000 0.000000
-2.000000 -2.000000 10.664101 0.000000 -1.000000 0.000000
-3.064178 -2.000000 9.771150 0.000000 -1.000000 0.000000
3
0.000000 -2.000000 7.200000 -0.000000 -1.000000 0.000000
-3.064178 -2.000000 9.771150 -0.000000 -1.000000 0.000000
-3.758771 -2.000000 8.568080 -0.000000 -1.000000 0.000000
3
0.000000 -2.000000 7.200000 -0.000000 -1.000000 0.000000
-3.758771 -2.000000 8.568080 -0.000000 -1.000000 0.000000
-4.000000 -2.000000 7.199999 -0.000000 -1.000000 0.000000
3
0.000000 -2.000000 7.200000 -0.000000 -1.000000 0.000000
-4.000000 -2.000000 7.199999 -0.000000 -1.000000 0.000000
-3.758770 -2.000000 5.831919 -0.000000 -1.000000 0.000000
3
0.000000 -2.000000 7.200000 0.000000 -1.000000 0.000000
-3.758770 -2.000000 5.831919 0.000000 -1.000000 0.000000
-3.064177 -2.000000 4.628849 0.000000 -1.000000 0.000000
3
0.000000 -2.000000 7.200000 0.000000 -1.000000 0.000000
-3.064177 -2.000000 4.628849 0.000000 -1.000000 0.000000
-1.999999 -2.000000 3.735898 0.000000 -1.000000 0.000000
3
0.000000 -2.000000 7.200000 0.000000 -1.000000 0.000000
-1.999999 -2.000000 3.735898 0.000000 -1.000000 0.000000
-0.694592 -2.000000 3.260769 0.000000 -1.000000 0.000000
3
0.000000 -2.000000 7.200000 -0.000000 -1.000000 0.000000
-0.694592 -2.000000 3.260769 -0.000000 -1.000000 0.000000
0.694594 -2.000000 3.260769 -0.000000 -1.000000 0.000000
3
0.000000 -2.000000 7.200000 -0.000000 -1.000000 0.000000
0.694594 -2.000000 3.260769 -0.000000 -1.000000 0.000000
2.000001 -2.000000 3.735899 -0.000000 -1.000000 0.000000
3
0.000000 -2.000000 7.200000 -0.000000 -1.000000 0.000000
2.000001 -2.000000 3.735899 -0.000000 -1.000000 0.000000
3.064178 -2.000000 4.628850 -0.000000 -1.000000 0.000000
3
0.000000 -2.000000 7.200000 -0.000000 -1.000000 0.000000
3.064178 -2.000000 4.628850 -0.000000 -1.000000 0.000000
3.758771 -2.000000 5.831921 -0.000000 -1.000000 0.000000
3
0.000000 -2.000000 7.200000 0.000000 -1.000000 0.000000
3.758771 -2.000000 5.831921 0.000000 -1.000000 0.000000
4.000000 -2.000000 7.200000 0.000000 -1.000000 0.000000
3
-11.000000 -2.500000 2.000000 0.000000 0.000000 -1.000000
-11.000000 1.500000 2.000000 0.000000 0.000000 -1.000000
-9.000000 1.500000 2.000000 0.000000 0.000000 -1.000000
3
-9.000000 1.500000 2.000000 0.000000 0.000000 -1.000000
-9.000000 -2.500000 2.000000 0.000000 0.000000 -1.000000
-11.000000 -2.500000 2.000000 0.000000 0.000000 -1.000000
3
-11.000000 -2.500000 37.000000 0.000000 0.000000 1.000000
-9.000000 -2.500000 37.000000 0.000000 0.000000 1.000000
-9.000000 1.500000 37.000000 0.000000 0.000000 1.000000
3
-9.000000 1.500000 37.000000 0.000000 0.000000 1.000000
-11.000000 1.500000 37.000000 0.000000 0.000000 1.000000
-11.000000 -2.500000 37.000000 0.000000 0.000000 1.000000
3
-11.000000 -2.500000 2.000000 0.000000 -1.000000 0.000000
-9.000000 -2.500000 2.000000 0.000000 -1.000000 0.000000
-9.000000 -2.500000 37.000000 0.000000 -1.000000 0.000000
3
-9.000000 -2.500000 37.000000 0.000000 -1.000000 0.000000
-11.000000 -2.500000 37.000000 0.000000 -1.000000 0.000000
-11.000000 -2.500000 2.000000 0.000000 -1.000000 0.000000
3
-9.000000 -2.500000 2.000000 1.000000 0.000000 0.000000
-9.000000 1.500000 2.000000 1.000000 0.000000 0.000000
-9.000000 1.500000 37.000000 1.000000 0.000000 0.000000
3
-9.000000 1.500000 37.000000 1.000000 0.000000 0.000000
-9.000000 -2.500000 37.000000 1.000000 0.000000 0.000000
-9.000000 -2.500000 2.000000 1.000000 0.000000 0.000000
3
-9.000000 1.500000 2.000000 0.000000 1.000000 0.000000
-11.000000 1.500000 2.000000 0.000000 1.000000 0.000000
-11.000000 1.500000 37.000000 0.000000 1.000000 0.000000
3
-11.000000 1.500000 37.000000 0.000000 1.000000 0.000000
-9.000000 1.500000 37.000000 0.000000 1.000000 0.000000
-9.000000 1.500000 2.000000 0.000000 1.000000 0.000000
3
-11.000000 1.500000 2.000000 -1.000000 0.000000 0.000000
-11.000000 -2.500000 2.000000 -1.000000 0.000000 0.000000
-11.000000 -2.500000 37.000000 -1.000000 0.000000 0.000000
3
-11.000000 -2.500000 37.000000 -1.000000 0.000000 0.000000
-11.000000 1.500000 37.000000 -1.000000 0.000000 0.000000
-11.000000 1.500000 2.000000 -1.000000 0.000000 0.000000
3
9.000000 -2.500000 2.000000 0.000000 0.000000 -1.000000
9.000000 1.500000 2.000000 0.000000 0.000000 -1.000000
11.000000 1.500000 2.000000 0.000000 0.000000 -1.000000
3
11.000000 1.500000 2.000000 0.000000 0.000000 -1.000000
11.000000 -2.500000 2.000000 0.000000 0.000000 -1.000000
9.000000 -2.500000 2.000000 0.000000 0.000000 -1.000000
3
9.000000 -2.500000 37.000000 0.000000 0.000000 1.000000
11.000000 -2.500000 37.000000 0.000000 0.000000 1.000000
11.000000 1.500000 37.000000 0.000000 0.000000 1.000000
3
11.000000 1.500000 37.000000 0.000000 0.000000 1.000000
9.000000 1.500000 37.000000 0.000000 0.000000 1.000000
9.000000 -2.500000 37.000000 0.000000 0.000000 1.000000
3
9.000000 -2.500000 2.000000 0.000000 -1.000000 0.000000
11.000000 -2.500000 2.000000 0.000000 -1.000000 0.000000
11.000000 -2.500000 37.000000 0.000000 -1.000000 0.000000
3
11.000000 -2.500000 37.000000 0.000000 -1.000000 0.000000
9.000000 -2.500000 37.000000 0.000000 -1.000000 0.000000
9.000000 -2.500000 2.000000 0.000000 -1.000000 0.000000
3
11.000000 -2.500000 2.000000 1.000000 0.000000 0.000000
11.000000 1.500000 2.000000 1.000000 0.000000 0.000000
11.000000 1.500000 37.000000 1.000000 0.000000 0.000000
3
11.000000 1.500000 37.000000 1.000000 0.000000 0.000000
11.000000 -2.500000 37.000000 1.000000 0.000000 0.000000
11.000000 -2.500000 2.000000 1.000000 0.000000 0.000000
3
11.000000 1.500000 2.000000 0.000000 1.000000 0.000000
9.000000 1.500000 2.000000 0.000000 1.000000 0.000000
9.000000 1.500000 37.000000 0.000000 1.000000 0.000000
3
9.000000 1.500000 37.000000 0.000000 1.000000 0.000000
11.000000 1.500000 37.000000 0.000000 1.000000 0.000000
11.000000 1.500000 2.000000 0.000000 1.000000 0.000000
3
9.000000 1.500000 2.000000 -1.000000 0.000000 0.000000
9.000000 -2.500000 2.000000 -1.000000 0.000000 0.000000
9.000000 -2.500000 37.000000 -1.000000 0.000000 0.000000
3
9.000000 -2.500000 37.000000 -1.000000 0.000000 0.000000
9.000000 1.500000 37.000000 -1.000000 0.000000 0.000000
9.000000 1.500000 2.000000 -1.000000 0.000000 0.000000
3
-11.000000 1.500000 2.000000 0.000000 0.000000 -1.000000
-11.000000 2.500000 2.000000 0.000000 0.000000 -1.000000
11.000000 2.500000 2.000000 0.000000 0.000000 -1.000000
3
11.000000 2.500000 2.000000 0.000000 0.000000 -1.000000
11.000000 1.500000 2.000000 0.000000 0.000000 -1.000000
-11.000000 1.500000 2.000000 0.000000 0.000000 -1.000000
3
-11.000000 1.500000 37.000000 0.000000 0.000000 1.000000
11.000000 1.500000 37.000000 0.000000 0.000000 1.000000
11.000000 2.500000 37.000000 0.000000 0.000000 1.000000
3
11.000000 2.500000 37.000000 0.000000 0.000000 1.000000
-11.000000 2.500000 37.000000 0.000000 0.000000 1.000000
-11.000000 1.500000 37.000000 0.000000 0.000000 1.000000
3
-11.000000 1.500000 2.000000 0.000000 -1.000000 0.000000
11.000000 1.500000 2.000000 0.000000 -1.000000 0.000000
11.000000 1.500000 37.000000 0.000000 -1.000000 0.000000
3
11.000000 1.500000 37.000000 0.000000 -1.000000 0.000000
-11.000000 1.500000 37.000000 0.000000 -1.000000 0.000000
-11.000000 1.500000 2.000000 0.000000 -1.000000 0.000000
3
11.000000 1.500000 2.000000 1.000000 0.000000 0.000000
11.000000 2.500000 2.000000 1.000000 0.000000 0.000000
11.000000 2.500000 37.000000 1.000000 0.000000 0.000000
3
11.000000 2.500000 37.000000 1.000000 0.000000 0.000000
11.000000 1.500000 37.000000 1.000000 0.000000 0.000000
11.000000 1.500000 2.000000 1.000000 0.000000 0.000000
3
11.000000 2.500000 2.000000 0.000000 1.000000 0.000000
-11.000000 2.500000 2.000000 0.000000 1.000000 0.000000
-11.000000 2.500000 37.000000 0.000000 1.000000 0.000000
3
-11.000000 2.500000 37.000000 0.000000 1.000000 0.000000
11.000000 2.500000 37.000000 0.000000 1.000000 0.000000
11.000000 2.500000 2.000000 0.000000 1.000000 0.000000
3
-11.000000 2.500000 2.000000 -1.000000 0.000000 0.000000
-11.000000 1.500000 2.000000 -1.000000 0.000000 0.000000
-11.000000 1.500000 37.000000 -1.000000 0.000000 0.000000
3
-11.000000 1.500000 37.000000 -1.000000 0.000000 0.000000
-11.000000 2.500000 37.000000 -1.000000 0.000000 0.000000
-11.000000 2.500000 2.000000 -1.000000 0.000000 0.000000
3
-11.000000 -2.500000 37.000000 0.000000 0.000000 -1.000000
-11.000000 2.500000 37.000000 0.000000 0.000000 -1.000000
11.000000 2.500000 37.000000 0.000000 0.000000 -1.000000
3
11.000000 2.500000 37.000000 0.000000 0.000000 -1.000000
11.000000 -2.500000 37.000000 0.000000 0.000000 -1.000000
-11.000000 -2.500000 37.000000 0.000000 0.000000 -1.000000
3
-11.000000 -2.500000 39.000000 0.000000 0.000000 1.000000
11.000000 -2.500000 39.000000 0.000000 0.000000 1.000000
11.000000 2.500000 39.000000 0.000000 0.000000 1.000000
3
11.000000 2.500000 39.000000 0.000000 0.000000 1.000000
-11.000000 2.500000 39.000000 0.000000 0.000000 1.000000
-11.000000 -2.500000 39.000000 0.000000 0.000000 1.000000
3
-11.000000 -2.500000 37.000000 0.000000 -1.000000 0.000000
11.000000 -2.500000 37.000000 0.000000 -1.000000 0.000000
11.000000 -2.500000 39.000000 0.000000 -1.000000 0.000000
3
11.000000 -2.500000 39.000000 0.000000 -1.000000 0.000000
-11.000000 -2.500000 39.000000 0.000000 -1.000000 0.000000
-11.000000 -2.500000 37.000000 0.000000 -1.000000 0.000000
3
11.000000 -2.500000 37.000000 1.000000 0.000000 0.000000
11.000000 2.500000 37.000000 1.000000 0.000000 0.000000
11.000000 2.500000 39.000000 1.000000 0.000000 0.000000
3
11.000000 2.500000 39.000000 1.000000 0.000000 0.000000
11.000000 -2.500000 39.000000 1.000000 0.000000 0.000000
11.000000 -2.500000 37.000000 1.000000 0.000000 0.000000
3
11.000000 2.500000 37.000000 0.000000 1.000000 0.000000
-11.000000 2.500000 37.000000 0.000000 1.000000 0.000000
-11.000000 2.500000 39.000000 0.000000 1.000000 0.000000
3
-11.000000 2.500000 39.000000 0.000000 1.000000 0.000000
11.000000 2.500000 39.000000 0.000000 1.000000 0.000000
11.000000 2.500000 37.000000 0.000000 1.000000 0.000000
3
-11.000000 2.500000 37.000000 -1.000000 0.000000 0.000000
-11.000000 -2.500000 37.000000 -1.000000 0.000000 0.000000
-11.000000 -2.500000 39.000000 -1.000000 0.000000 0.000000
3
-11.000000 -2.500000 39.000000 -1.000000 0.000000 0.000000
-11.000000 2.500000 39.000000 -1.000000 0.000000 0.000000
-11.000000 2.500000 37.000000 -1.000000 0.000000 0.000000
3
-10.999000 -2.499000 0.001000 0.000000 0.000000 -1.000000
-10.999000 2.501000 0.001000 0.000000 0.000000 -1.000000
11.001000 2.501000 0.001000 0.000000 0.000000 -1.000000
3
11.001000 2.501000 0.001000 0.000000 0.000000 -1.000000
11.001000 -2.499000 0.001000 0.000000 0.000000 -1.000000
-10.999000 -2.499000 0.001000 0.000000 0.000000 -1.000000
3
-10.999000 -2.499000 2.001000 0.000000 0.000000 1.000000
11.001000 -2.499000 2.001000 0.000000 0.000000 1.000000
11.001000 2.501000 2.001000 0.000000 0.000000 1.000000
3
11.001000 2.501000 2.001000 0.000000 0.000000 1.000000
-10.999000 2.501000 2.001000 0.000000 0.000000 1.000000
-10.999000 -2.499000 2.001000 0.000000 0.000000 1.000000
3
-10.999000 -2.499000 0.001000 0.000000 -1.000000 0.000000
11.001000 -2.499000 0.001000 0.000000 -1.000000 0.000000
11.001000 -2.499000 2.001000 0.000000 -1.000000 0.000000
3
11.001000 -2.499000 2.001000 0.000000 -1.000000 0.000000
-10.999000 -2.499000 2.001000 0.000000 -1.000000 0.000000
-10.999000 -2.499000 0.001000 0.000000 -1.000000 0.000000
3
11.001000 -2.499000 0.001000 1.000000 0.000000 0.000000
11.001000 2.501000 0.001000 1.000000 0.000000 0.000000
11.001000 2.501000 2.001000 1.000000 0.000000 0.000000
3
11.001000 2.501000 2.001000 1.000000 0.000000 0.000000
11.001000 -2.499000 2.001000 1.000000 0.000000 0.000000
11.001000 -2.499000 0.001000 1.000000 0.000000 0.000000
3
11.001000 2.501000 0.001000 0.000000 1.000000 0.000000
-10.999000 2.501000 0.001000 0.000000 1.000000 0.000000
-10.999000 2.501000 2.001000 0.000000 1.000000 0.000000
3
-10.999000 2.501000 2.001000 0.000000 1.000000 0.000000
11.001000 2.501000 2.001000 0.000000 1.000000 0.000000
11.001000 2.501000 0.001000 0.000000 1.000000 0.000000
3
-10.999000 2.501000 0.001000 -1.000000 0.000000 0.000000
-10.999000 -2.499000 0.001000 -1.000000 0.000000 0.000000
-10.999000 -2.499000 2.001000 -1.000000 0.000000 0.000000
3
-10.999000 -2.499000 2.001000 -1.000000 0.000000 0.000000
-10.999000 2.501000 2.001000 -1.000000 0.000000 0.000000
-10.999000 2.501000 0.001000 -1.000000 0.000000 0.000000
3
-0.433013 -3.000000 26.250000 -0.500000 0.000000 -0.866025
-0.433013 -2.000000 26.250000 -0.500000 0.000000 -0.866025
0.433013 -2.000000 25.750000 -0.500000 0.000000 -0.866025
3
0.433013 -2.000000 25.750000 -0.500000 0.000000 -0.866025
0.433013 -3.000000 25.750000 -0.500000 0.000000 -0.866025
-0.433013 -3.000000 26.250000 -0.500000 0.000000 -0.866025
3
3.566987 -3.000000 33.178204 0.500000 0.000000 0.866025
4.433012 -3.000000 32.678204 0.500000 0.000000 0.866025
4.433012 -2.000000 32.678204 0.500000 0.000000 0.866025
3
4.433012 -2.000000 32.678204 0.500000 0.000000 0.866025
3.566987 -2.000000 33.178204 0.500000 0.000000 0.866025
3.566987 -3.000000 33.178204 0.500000 0.000000 0.866025
3
-0.433013 -3.000000 26.250000 0.000000 -1.000000 0.000000
0.433013 -3.000000 25.750000 0.000000 -1.000000 0.000000
4.433012 -3.000000 32.678204 0.000000 -1.000000 0.000000
3
4.433012 -3.000000 32.678204 0.000000 -1.000000 0.000000
3.566987 -3.000000 33.178204 0.000000 -1.000000 0.000000
-0.433013 -3.000000 26.250000 0.000000 -1.000000 0.000000
3
0.433013 -3.000000 25.750000 0.866025 0.000000 -0.500000
0.433013 -2.000000 25.750000 0.866025 0.000000 -0.500000
4.433012 -2.000000 32.678204 0.866025 0.000000 -0.500000
3
4.433012 -2.000000 32.678204 0.866025 0.000000 -0.500000
4.433012 -3.000000 32.678204 0.866025 0.000000 -0.500000
0.433013 -3.000000 25.750000 0.866025 0.000000 -0.500000
3
0.433013 -2.000000 25.750000 0.000000 1.000000 0.000000
-0.433013 -2.000000 26.250000 0.000000 1.000000 0.000000
3.566987 -2.000000 33.178204 0.000000 1.000000 0.000000
3
3.566987 -2.000000 33.178204 0.000000 1.000000 0.000000
4.433012 -2.000000 32.678204 0.000000 1.000000 0.000000
0.433013 -2.000000 25.750000 0.000000 1.000000 0.000000
3
-0.433013 -2.000000 26.250000 -0.866025 0.000000 0.500000
-0.433013 -3.000000 26.250000 -0.866025 0.000000 0.500000
3.566987 -3.000000 33.178204 -0.866025 0.000000 0.500000
3
3.566987 -3.000000 33.178204 -0.866025 0.000000 0.500000
3.566987 -2.000000 33.178204 -0.866025 0.000000 0.500000
-0.433013 -2.000000 26.250000 -0.866025 0.000000 0.500000
3
-0.000000 -3.000000 26.500000 -1.000000 0.000000 -0.000000
-0.000000 -2.000000 26.500000 -1.000000 0.000000 -0.000000
0.000000 -2.000000 25.500000 -1.000000 0.000000 -0.000000
3
0.000000 -2.000000 25.500000 -1.000000 0.000000 -0.000000
0.000000 -3.000000 25.500000 -1.000000 0.000000 -0.000000
-0.000000 -3.000000 26.500000 -1.000000 0.000000 -0.000000
3
4.000000 -3.000000 26.500000 1.000000 0.000000 0.000000
4.000000 -3.000000 25.500000 1.000000 0.000000 0.000000
4.000000 -2.000000 25.500000 1.000000 0.000000 0.000000
3
4.000000 -2.000000 25.500000 1.000000 0.000000 0.000000
4.000000 -2.000000 26.500000 1.000000 0.000000 0.000000
4.000000 -3.000000 26.500000 1.000000 0.000000 0.000000
3
-0.000000 -3.000000 26.500000 0.000000 -1.000000 0.000000
0.000000 -3.000000 25.500000 0.000000 -1.000000 0.000000
4.000000 -3.000000 25.500000 0.000000 -1.000000 0.000000
3
4.000000 -3.000000 25.500000 0.000000 -1.000000 0.000000
4.000000 -3.000000 26.500000 0.000000 -1.000000 0.000000
-0.000000 -3.000000 26.500000 0.000000 -1.000000 0.000000
3
0.000000 -3.000000 25.500000 0.000000 0.000000 -1.000000
0.000000 -2.000000 25.500000 0.000000 0.000000 -1.000000
4.000000 -2.000000 25.500000 0.000000 0.000000 -1.000000
3
4.000000 -2.000000 25.500000 0.000000 0.000000 -1.000000
4.000000 -3.000000 25.500000 0.000000 0.000000 -1.000000
0.000000 -3.000000 25.500000 0.000000 0.000000 -1.000000
3
0.000000 -2.000000 25.500000 0.000000 1.000000 0.000000
-0.000000 -2.000000 26.500000 0.000000 1.000000 0.000000
4.000000 -2.000000 26.500000 0.000000 1.000000 0.000000
3
4.000000 -2.000000 26.500000 0.000000 1.000000 0.000000
4.000000 -2.000000 25.500000 0.000000 1.000000 0.000000
0.000000 -2.000000 25.500000 0.000000 1.000000 0.000000
3
-0.000000 -2.000000 26.500000 0.000000 0.000000 1.000000
-0.000000 -3.000000 26.500000 0.000000 0.000000 1.000000
4.000000 -3.000000 26.500000 0.000000 0.000000 1.000000
3
4.000000 -3.000000 26.500000 0.000000 0.000000 1.000000
4.000000 -2.000000 26.500000 0.000000 0.000000 1.000000
-0.000000 -2.000000 26.500000 0.000000 0.000000 1.000000
