N
60
3
-14.999000 -14.999000 0.001000 0.000000 0.000000 -1.000000
-14.999000 15.001000 0.001000 0.000000 0.000000 -1.000000
15.001000 15.001000 0.001000 0.000000 0.000000 -1.000000
3
15.001000 15.001000 0.001000 0.000000 0.000000 -1.000000
15.001000 -14.999000 0.001000 0.000000 0.000000 -1.000000
-14.999000 -14.999000 0.001000 0.000000 0.000000 -1.000000
3
-14.999000 -14.999000 2.001000 0.000000 0.000000 1.000000
15.001000 -14.999000 2.001000 0.000000 0.000000 1.000000
15.001000 15.001000 2.001000 0.000000 0.000000 1.000000
3
15.001000 15.001000 2.001000 0.000000 0.000000 1.000000
-14.999000 15.001000 2.001000 0.000000 0.000000 1.000000
-14.999000 -14.999000 2.001000 0.000000 0.000000 1.000000
3
-14.999000 -14.999000 0.001000 0.000000 -1.000000 0.000000
15.001000 -14.999000 0.001000 0.000000 -1.000000 0.000000
15.001000 -14.999000 2.001000 0.000000 -1.000000 0.000000
3
15.001000 -14.999000 2.001000 0.000000 -1.000000 0.000000
-14.999000 -14.999000 2.001000 0.000000 -1.000000 0.000000
-14.999000 -14.999000 0.001000 0.000000 -1.000000 0.000000
3
15.001000 -14.999000 0.001000 1.000000 0.000000 0.000000
15.001000 15.001000 0.001000 1.000000 0.000000 0.000000
15.001000 15.001000 2.001000 1.000000 0.000000 0.000000
3
15.001000 15.001000 2.001000 1.000000 0.000000 0.000000
15.001000 -14.999000 2.001000 1.000000 0.000000 0.000000
15.001000 -14.999000 0.001000 1.000000 0.000000 0.000000
3
15.001000 15.001000 0.001000 0.000000 1.000000 0.000000
-14.999000 15.001000 0.001000 0.000000 1.000000 0.000000
-14.999000 15.001000 2.001000 0.000000 1.000000 0.000000
3
-14.999000 15.001000 2.001000 0.000000 1.000000 0.000000
15.001000 15.001000 2.001000 0.000000 1.000000 0.000000
15.001000 15.001000 0.001000 0.000000 1.000000 0.000000
3
-14.999000 15.001000 0.001000 -1.000000 0.000000 0.000000
-14.999000 -14.999000 0.001000 -1.000000 0.000000 0.000000
-14.999000 -14.999000 2.001000 -1.000000 0.000000 0.000000
3
-14.999000 -14.999000 2.001000 -1.000000 0.000000 0.000000
-14.999000 15.001000 2.001000 -1.000000 0.000000 0.000000
-14.999000 15.001000 0.001000 -1.000000 0.000000 0.000000
3
13.000000 -15.000000 2.000000 0.000000 0.000000 -1.000000
13.000000 15.000000 2.000000 0.000000 0.000000 -1.000000
15.000000 15.000000 2.000000 0.000000 0.000000 -1.000000
3
15.000000 15.000000 2.000000 0.000000 0.000000 -1.000000
15.000000 -15.000000 2.000000 0.000000 0.000000 -1.000000
13.000000 -15.000000 2.000000 0.000000 0.000000 -1.000000
3
13.000000 -15.000000 4.000000 0.000000 0.000000 1.000000
15.000000 -15.000000 4.000000 0.000000 0.000000 1.000000
15.000000 15.000000 4.000000 0.000000 0.000000 1.000000
3
15.000000 15.000000 4.000000 0.000000 0.000000 1.000000
13.000000 15.000000 4.000000 0.000000 0.000000 1.000000
13.000000 -15.000000 4.000000 0.000000 0.000000 1.000000
3
13.000000 -15.000000 2.000000 0.000000 -1.000000 0.000000
15.000000 -15.000000 2.000000 0.000000 -1.000000 0.000000
15.000000 -15.000000 4.000000 0.000000 -1.000000 0.000000
3
15.000000 -15.000000 4.000000 0.000000 -1.000000 0.000000
13.000000 -15.000000 4.000000 0.000000 -1.000000 0.000000
13.000000 -15.000000 2.000000 0.000000 -1.000000 0.000000
3
15.000000 -15.000000 2.000000 1.000000 0.000000 0.000000
15.000000 15.000000 2.000000 1.000000 0.000000 0.000000
15.000000 15.000000 4.000000 1.000000 0.000000 0.000000
3
15.000000 15.000000 4.000000 1.000000 0.000000 0.000000
15.000000 -15.000000 4.000000 1.000000 0.000000 0.000000
15.000000 -15.000000 2.000000 1.000000 0.000000 0.000000
3
15.000000 15.000000 2.000000 0.000000 1.000000 0.000000
13.000000 15.000000 2.000000 0.000000 1.000000 0.000000
13.000000 15.000000 4.000000 0.000000 1.000000 0.000000
3
13.000000 15.000000 4.000000 0.000000 1.000000 0.000000
15.000000 15.000000 4.000000 0.000000 1.000000 0.000000
15.000000 15.000000 2.000000 0.000000 1.000000 0.000000
3
13.000000 15.000000 2.000000 -1.000000 0.000000 0.000000
13.000000 -15.000000 2.000000 -1.000000 0.000000 0.000000
13.000000 -15.000000 4.000000 -1.000000 0.000000 0.000000
3
13.000000 -15.000000 4.000000 -1.000000 0.000000 0.000000
13.000000 15.000000 4.000000 -1.000000 0.000000 0.000000
13.000000 15.000000 2.000000 -1.000000 0.000000 0.000000
3
-15.000000 -15.000000 2.000000 0.000000 0.000000 -1.000000
-15.000000 15.000000 2.000000 0.000000 0.000000 -1.000000
-13.000000 15.000000 2.000000 0.000000 0.000000 -1.000000
3
-13.000000 15.000000 2.000000 0.000000 0.000000 -1.000000
-13.000000 -15.000000 2.000000 0.000000 0.000000 -1.000000
-15.000000 -15.000000 2.000000 0.000000 0.000000 -1.000000
3
-15.000000 -15.000000 4.000000 0.000000 0.000000 1.000000
-13.000000 -15.000000 4.000000 0.000000 0.000000 1.000000
-13.000000 15.000000 4.000000 0.000000 0.000000 1.000000
3
-13.000000 15.000000 4.000000 0.000000 0.000000 1.000000
-15.000000 15.000000 4.000000 0.000000 0.000000 1.000000
-15.000000 -15.000000 4.000000 0.000000 0.000000 1.000000
3
-15.000000 -15.000000 2.000000 0.000000 -1.000000 0.000000
-13.000000 -15.000000 2.000000 0.000000 -1.000000 0.000000
-13.000000 -15.000000 4.000000 0.000000 -1.000000 0.000000
3
-13.000000 -15.000000 4.000000 0.000000 -1.000000 0.000000
-15.000000 -15.000000 4.000000 0.000000 -1.000000 0.000000
-15.000000 -15.000000 2.000000 0.000000 -1.000000 0.000000
3
-13.000000 -15.000000 2.000000 1.000000 0.000000 0.000000
-13.000000 15.000000 2.000000 1.000000 0.000000 0.000000
-13.000000 15.000000 4.000000 1.000000 0.000000 0.000000
3
-13.000000 15.000000 4.000000 1.000000 0.000000 0.000000
-13.000000 -15.000000 4.000000 1.000000 0.000000 0.000000
-13.000000 -15.000000 2.000000 1.000000 0.000000 0.000000
3
-13.000000 15.000000 2.000000 0.000000 1.000000 0.000000
-15.000000 15.000000 2.000000 0.000000 1.000000 0.000000
-15.000000 15.000000 4.000000 0.000000 1.000000 0.000000
3
-15.000000 15.000000 4.000000 0.000000 1.000000 0.000000
-13.000000 15.000000 4.000000 0.000000 1.000000 0.000000
-13.000000 15.000000 2.000000 0.000000 1.000000 0.000000
3
-15.000000 15.000000 2.000000 -1.000000 0.000000 0.000000
-15.000000 -15.000000 2.000000 -1.000000 0.000000 0.000000
-15.000000 -15.000000 4.000000 -1.000000 0.000000 0.000000
3
-15.000000 -15.000000 4.000000 -1.000000 0.000000 0.000000
-15.000000 15.000000 4.000000 -1.000000 0.000000 0.000000
-15.000000 15.000000 2.000000 -1.000000 0.000000 0.000000
3
-13.000000 13.000000 2.000000 0.000000 0.000000 -1.000000
-13.000000 15.000000 2.000000 0.000000 0.000000 -1.000000
13.000000 15.000000 2.000000 0.000000 0.000000 -1.000000
3
13.000000 15.000000 2.000000 0.000000 0.000000 -1.000000
13.000000 13.000000 2.000000 0.000000 0.000000 -1.000000
-13.000000 13.000000 2.000000 0.000000 0.000000 -1.000000
3
-13.000000 13.000000 4.000000 0.000000 0.000000 1.000000
13.000000 13.000000 4.000000 0.000000 0.000000 1.000000
13.000000 15.000000 4.000000 0.000000 0.000000 1.000000
3
13.000000 15.000000 4.000000 0.000000 0.000000 1.000000
-13.000000 15.000000 4.000000 0.000000 0.000000 1.000000
-13.000000 13.000000 4.000000 0.000000 0.000000 1.000000
3
-13.000000 13.000000 2.000000 0.000000 -1.000000 0.000000
13.000000 13.000000 2.000000 0.000000 -1.000000 0.000000
13.000000 13.000000 4.000000 0.000000 -1.000000 0.000000
3
13.000000 13.000000 4.000000 0.000000 -1.000000 0.000000
-13.000000 13.000000 4.000000 0.000000 -1.000000 0.000000
-13.000000 13.000000 2.000000 0.000000 -1.000000 0.000000
3
13.000000 13.000000 2.000000 1.000000 0.000000 0.000000
13.000000 15.000000 2.000000 1.000000 0.000000 0.000000
13.000000 15.000000 4.000000 1.000000 0.000000 0.000000
3
13.000000 15.000000 4.000000 1.000000 0.000000 0.000000
13.000000 13.000000 4.000000 1.000000 0.000000 0.000000
13.000000 13.000000 2.000000 1.000000 0.000000 0.000000
3
13.000000 15.000000 2.000000 0.000000 1.000000 0.000000
-13.000000 15.000000 2.000000 0.000000 1.000000 0.000000
-13.000000 15.000000 4.000000 0.000000 1.000000 0.000000
3
-13.000000 15.000000 4.000000 0.000000 1.000000 0.000000
13.000000 15.000000 4.000000 0.000000 1.000000 0.000000
13.000000 15.000000 2.000000 0.000000 1.000000 0.000000
3
-13.000000 15.000000 2.000000 -1.000000 0.000000 0.000000
-13.000000 13.000000 2.000000 -1.000000 0.000000 0.000000
-13.000000 13.000000 4.000000 -1.000000 0.000000 0.000000
3
-13.000000 13.000000 4.000000 -1.000000 0.000000 0.000000
-13.000000 15.000000 4.000000 -1.000000 0.000000 0.000000
-13.000000 15.000000 2.000000 -1.000000 0.000000 0.000000
3
-13.000000 -15.000000 2.000000 0.000000 0.000000 -1.000000
-13.000000 -13.000000 2.000000 0.000000 0.000000 -1.000000
13.000000 -13.000000 2.000000 0.000000 0.000000 -1.000000
3
13.000000 -13.000000 2.000000 0.000000 0.000000 -1.000000
13.000000 -15.000000 2.000000 0.000000 0.000000 -1.000000
-13.000000 -15.000000 2.000000 0.000000 0.000000 -1.000000
3
-13.000000 -15.000000 4.000000 0.000000 0.000000 1.000000
13.000000 -15.000000 4.000000 0.000000 0.000000 1.000000
13.000000 -13.000000 4.000000 0.000000 0.000000 1.000000
3
13.000000 -13.000000 4.000000 0.000000 0.000000 1.000000
-13.000000 -13.000000 4.000000 0.000000 0.000000 1.000000
-13.000000 -15.000000 4.000000 0.000000 0.000000 1.000000
3
-13.000000 -15.000000 2.000000 0.000000 -1.000000 0.000000
13.000000 -15.000000 2.000000 0.000000 -1.000000 0.000000
13.000000 -15.000000 4.000000 0.000000 -1.000000 0.000000
3
13.000000 -15.000000 4.000000 0.000000 -1.000000 0.000000
-13.000000 -15.000000 4.000000 0.000000 -1.000000 0.000000
-13.000000 -15.000000 2.000000 0.000000 -1.000000 0.000000
3
13.000000 -15.000000 2.000000 1.000000 0.000000 0.000000
13.000000 -13.000000 2.000000 1.000000 0.000000 0.000000
13.000000 -13.000000 4.000000 1.000000 0.000000 0.000000
3
13.000000 -13.000000 4.000000 1.000000 0.000000 0.000000
13.000000 -15.000000 4.000000 1.000000 0.000000 0.000000
13.000000 -15.000000 2.000000 1.000000 0.000000 0.000000
3
13.000000 -13.000000 2.000000 0.000000 1.000000 0.000000
-13.000000 -13.000000 2.000000 0.000000 1.000000 0.000000
-13.000000 -13.000000 4.000000 0.000000 1.000000 0.000000
3
-13.000000 -13.000000 4.000000 0.000000 1.000000 0.000000
13.000000 -13.000000 4.000000 0.000000 1.000000 0.000000
13.000000 -13.000000 2.000000 0.000000 1.000000 0.000000
3
-13.000000 -13.000000 2.000000 -1.000000 0.000000 0.000000
-13.000000 -15.000000 2.000000 -1.000000 0.000000 0.000000
-13.000000 -15.000000 4.000000 -1.000000 0.000000 0.000000
3
-13.000000 -15.000000 4.000000 -1.000000 0.000000 0.000000
-13.000000 -13.000000 4.000000 -1.000000 0.000000 0.000000
-13.000000 -13.000000 2.000000 -1.000000 0.000000 0.000000
