N
100
3
1.456002 -1.951998 0.000002 0.807582 -0.575539 0.128711
1.105798 -1.952000 0.947828 0.580189 -0.583803 0.567939
0.000000 -2.720000 0.000000 -0.000010 -1.000000 0.000002
3
1.105798 -1.952000 0.947828 0.580189 -0.583803 0.567939
0.223072 -1.952000 1.439248 0.084346 -0.586058 0.805867
0.000000 -2.720000 0.000000 -0.000010 -1.000000 0.000002
3
0.223072 -1.952000 1.439248 0.084346 -0.586058 0.805867
-0.766996 -1.952000 1.238108 -0.448166 -0.587626 0.673679
0.000000 -2.720000 0.000000 -0.000010 -1.000000 0.000002
3
-0.766996 -1.952000 1.238108 -0.448166 -0.587626 0.673679
-1.387996 -1.952000 0.441208 -0.760265 -0.576064 0.300244
0.000000 -2.720000 0.000000 -0.000010 -1.000000 0.000002
3
-1.387996 -1.952000 0.441208 -0.760265 -0.576064 0.300244
-1.456000 -1.952000 0.000092 -0.807588 -0.575537 -0.128679
0.000000 -2.720000 0.000000 -0.000010 -1.000000 0.000002
3
1.456002 -1.951998 0.000002 0.807582 -0.575539 0.128711
1.550104 -0.384000 1.160324 0.852602 0.081648 0.516143
1.105798 -1.952000 0.947828 0.580189 -0.583803 0.567939
3
1.105798 -1.952000 0.947828 0.580189 -0.583803 0.567939
0.545810 -0.384000 1.857762 0.351834 0.082271 0.932440
0.223072 -1.952000 1.439248 0.084346 -0.586058 0.805867
3
0.223072 -1.952000 1.439248 0.084346 -0.586058 0.805867
-0.676134 -0.384000 1.814396 -0.298491 0.082729 0.950820
-0.766996 -1.952000 1.238108 -0.448166 -0.587626 0.673679
3
-0.766996 -1.952000 1.238108 -0.448166 -0.587626 0.673679
-1.628462 -0.384000 1.047522 -0.814619 0.082609 0.574083
-1.387996 -1.952000 0.441208 -0.760265 -0.576064 0.300244
3
-1.387996 -1.952000 0.441208 -0.760265 -0.576064 0.300244
-1.936000 -0.384000 0.000124 -0.995683 0.083103 0.041347
-1.456000 -1.952000 0.000092 -0.807588 -0.575537 -0.128679
3
1.550104 -0.384000 1.160324 0.852602 0.081648 0.516143
1.200002 1.104002 0.000002 0.980407 0.134873 0.143567
0.911372 1.104000 0.781176 0.770493 0.054472 0.635116
3
0.545810 -0.384000 1.857762 0.351834 0.082271 0.932440
0.911372 1.104000 0.781176 0.770493 0.054472 0.635116
0.183850 1.104000 1.186192 0.125519 -0.006690 0.992069
3
-0.676134 -0.384000 1.814396 -0.298491 0.082729 0.950820
0.183850 1.104000 1.186192 0.125519 -0.006690 0.992069
-0.632140 1.104000 1.020420 -0.594841 0.059896 0.801609
3
-1.628462 -0.384000 1.047522 -0.814619 0.082609 0.574083
-0.632140 1.104000 1.020420 -0.594841 0.059896 0.801609
-1.143952 1.104000 0.363634 -0.940914 0.048358 0.335175
3
-1.936000 -0.384000 0.000124 -0.995683 0.083103 0.041347
-1.143952 1.104000 0.363634 -0.940914 0.048358 0.335175
-1.200000 1.104000 0.000076 -0.980412 0.134872 -0.143530
3
0.911372 1.104000 0.781176 0.770493 0.054472 0.635116
1.728002 2.464002 0.000002 0.818831 0.567942 0.083416
1.312376 2.464000 1.124894 0.548915 0.580385 0.601536
3
0.183850 1.104000 1.186192 0.125519 -0.006690 0.992069
1.312376 2.464000 1.124894 0.548915 0.580385 0.601536
0.264746 2.464000 1.708118 0.124419 0.583249 0.802709
3
0.183850 1.104000 1.186192 0.125519 -0.006690 0.992069
-0.910280 2.464000 1.469404 -0.340952 0.580346 0.739560
-0.632140 1.104000 1.020420 -0.594841 0.059896 0.801609
3
-0.632140 1.104000 1.020420 -0.594841 0.059896 0.801609
-1.647290 2.464000 0.523632 -0.724515 0.567619 0.391007
-1.143952 1.104000 0.363634 -0.940914 0.048358 0.335175
3
-1.143952 1.104000 0.363634 -0.940914 0.048358 0.335175
-1.728000 2.464000 0.000110 -0.818836 0.567938 -0.083392
-1.200000 1.104000 0.000076 -0.980412 0.134872 -0.143530
3
1.728002 2.464002 0.000002 0.818831 0.567942 0.083416
0.595430 2.496000 0.510368 -0.260394 0.938463 -0.226895
1.312376 2.464000 1.124894 0.548915 0.580385 0.601536
3
1.312376 2.464000 1.124894 0.548915 0.580385 0.601536
0.120116 2.496000 0.774980 -0.042463 0.960803 -0.273959
0.264746 2.464000 1.708118 0.124419 0.583249 0.802709
3
-0.910280 2.464000 1.469404 -0.340952 0.580346 0.739560
0.120116 2.496000 0.774980 -0.042463 0.960803 -0.273959
-0.412998 2.496000 0.666674 0.179423 0.938457 -0.295136
3
-1.647290 2.464000 0.523632 -0.724515 0.567619 0.391007
-0.412998 2.496000 0.666674 0.179423 0.938457 -0.295136
-0.747382 2.496000 0.237574 0.321898 0.936098 -0.141782
3
-1.728000 2.464000 0.000110 -0.818836 0.567938 -0.083392
-0.747382 2.496000 0.237574 0.321898 0.936098 -0.141782
-0.784000 2.496000 0.000050 0.451153 0.891247 0.046267
3
0.784002 2.496002 0.000002 -0.451149 0.891248 -0.046281
0.000000 1.312000 0.000000 0.000029 1.000000 -0.000004
0.595430 2.496000 0.510368 -0.260394 0.938463 -0.226895
3
0.595430 2.496000 0.510368 -0.260394 0.938463 -0.226895
0.000000 1.312000 0.000000 0.000029 1.000000 -0.000004
0.120116 2.496000 0.774980 -0.042463 0.960803 -0.273959
3
0.120116 2.496000 0.774980 -0.042463 0.960803 -0.273959
0.000000 1.312000 0.000000 0.000029 1.000000 -0.000004
-0.412998 2.496000 0.666674 0.179423 0.938457 -0.295136
3
-0.412998 2.496000 0.666674 0.179423 0.938457 -0.295136
0.000000 1.312000 0.000000 0.000029 1.000000 -0.000004
-0.747382 2.496000 0.237574 0.321898 0.936098 -0.141782
3
-0.747382 2.496000 0.237574 0.321898 0.936098 -0.141782
0.000000 1.312000 0.000000 0.000029 1.000000 -0.000004
-0.784000 2.496000 0.000050 0.451153 0.891247 0.046267
3
-1.456000 -1.952000 0.000092 -0.807588 -0.575537 -0.128679
-1.105860 -1.952000 -0.947756 -0.580225 -0.583804 -0.567901
0.000000 -2.720000 0.000000 -0.000010 -1.000000 0.000002
3
-1.105860 -1.952000 -0.947756 -0.580225 -0.583804 -0.567901
-0.223164 -1.952000 -1.439234 -0.084397 -0.586058 -0.805862
0.000000 -2.720000 0.000000 -0.000010 -1.000000 0.000002
3
-0.223164 -1.952000 -1.439234 -0.084397 -0.586058 -0.805862
0.766916 -1.952000 -1.238158 0.448123 -0.587626 -0.673707
0.000000 -2.720000 0.000000 -0.000010 -1.000000 0.000002
3
0.766916 -1.952000 -1.238158 0.448123 -0.587626 -0.673707
1.387966 -1.952000 -0.441298 0.760259 -0.576063 -0.300264
0.000000 -2.720000 0.000000 -0.000010 -1.000000 0.000002
3
1.387966 -1.952000 -0.441298 0.760259 -0.576063 -0.300264
1.456002 -1.951998 0.000002 0.807582 -0.575539 0.128711
0.000000 -2.720000 0.000000 -0.000010 -1.000000 0.000002
3
-1.456000 -1.952000 0.000092 -0.807588 -0.575537 -0.128679
-1.550180 -0.384000 -1.160224 -0.852636 0.081648 -0.516086
-1.105860 -1.952000 -0.947756 -0.580225 -0.583804 -0.567901
3
-1.105860 -1.952000 -0.947756 -0.580225 -0.583804 -0.567901
-0.545930 -0.384000 -1.857728 -0.351894 0.082271 -0.932417
-0.223164 -1.952000 -1.439234 -0.084397 -0.586058 -0.805862
3
-0.223164 -1.952000 -1.439234 -0.084397 -0.586058 -0.805862
0.676018 -0.384000 -1.814440 0.298430 0.082729 -0.950839
0.766916 -1.952000 -1.238158 0.448123 -0.587626 -0.673707
3
0.766916 -1.952000 -1.238158 0.448123 -0.587626 -0.673707
1.628396 -0.384000 -1.047626 0.814595 0.082610 -0.574118
1.387966 -1.952000 -0.441298 0.760259 -0.576063 -0.300264
3
1.387966 -1.952000 -0.441298 0.760259 -0.576063 -0.300264
1.936002 -0.383998 0.000002 0.995684 0.083104 -0.041329
1.456002 -1.951998 0.000002 0.807582 -0.575539 0.128711
3
-1.550180 -0.384000 -1.160224 -0.852636 0.081648 -0.516086
-1.200000 1.104000 0.000076 -0.980412 0.134872 -0.143530
-0.911422 1.104000 -0.781118 -0.770536 0.054472 -0.635065
3
-0.545930 -0.384000 -1.857728 -0.351894 0.082271 -0.932417
-0.911422 1.104000 -0.781118 -0.770536 0.054472 -0.635065
-0.183928 1.104000 -1.186182 -0.182438 0.057795 -0.981517
3
0.676018 -0.384000 -1.814440 0.298430 0.082729 -0.950839
-0.183928 1.104000 -1.186182 -0.182438 0.057795 -0.981517
0.632074 1.104000 -1.020460 0.490277 0.060055 -0.869495
3
1.628396 -0.384000 -1.047626 0.814595 0.082610 -0.574118
0.632074 1.104000 -1.020460 0.490277 0.060055 -0.869495
1.143928 1.104000 -0.363706 0.925030 -0.013251 -0.379662
3
1.936002 -0.383998 0.000002 0.995684 0.083104 -0.041329
1.143928 1.104000 -0.363706 0.925030 -0.013251 -0.379662
1.200002 1.104002 0.000002 0.980407 0.134873 0.143567
3
-0.911422 1.104000 -0.781118 -0.770536 0.054472 -0.635065
-1.728000 2.464000 0.000110 -0.818836 0.567938 -0.083392
-1.312448 2.464000 -1.124810 -0.548955 0.580386 -0.601499
3
-0.183928 1.104000 -1.186182 -0.182438 0.057795 -0.981517
-1.312448 2.464000 -1.124810 -0.548955 0.580386 -0.601499
-0.264856 2.464000 -1.708100 -0.025397 0.580347 -0.813973
3
0.632074 1.104000 -1.020460 0.490277 0.060055 -0.869495
-0.264856 2.464000 -1.708100 -0.025397 0.580347 -0.813973
0.910186 2.464000 -1.469462 0.510300 0.580346 -0.634659
3
1.143928 1.104000 -0.363706 0.925030 -0.013251 -0.379662
0.910186 2.464000 -1.469462 0.510300 0.580346 -0.634659
1.647258 2.464000 -0.523738 0.755268 0.568039 -0.326959
3
1.143928 1.104000 -0.363706 0.925030 -0.013251 -0.379662
1.728002 2.464002 0.000002 0.818831 0.567942 0.083416
1.200002 1.104002 0.000002 0.980407 0.134873 0.143567
3
-1.728000 2.464000 0.000110 -0.818836 0.567938 -0.083392
-0.595462 2.496000 -0.510330 0.260409 0.938463 0.226880
-1.312448 2.464000 -1.124810 -0.548955 0.580386 -0.601499
3
-1.312448 2.464000 -1.124810 -0.548955 0.580386 -0.601499
-0.120166 2.496000 -0.774972 0.050059 0.938457 0.341748
-0.264856 2.464000 -1.708100 -0.025397 0.580347 -0.813973
3
-0.264856 2.464000 -1.708100 -0.025397 0.580347 -0.813973
0.412954 2.496000 -0.666700 -0.184334 0.938457 0.292095
0.910186 2.464000 -1.469462 0.510300 0.580346 -0.634659
3
0.910186 2.464000 -1.469462 0.510300 0.580346 -0.634659
0.747366 2.496000 -0.237622 -0.259467 0.959181 0.112468
1.647258 2.464000 -0.523738 0.755268 0.568039 -0.326959
3
1.728002 2.464002 0.000002 0.818831 0.567942 0.083416
0.747366 2.496000 -0.237622 -0.259467 0.959181 0.112468
0.784002 2.496002 0.000002 -0.451149 0.891248 -0.046281
3
-0.784000 2.496000 0.000050 0.451153 0.891247 0.046267
0.000000 1.312000 0.000000 0.000029 1.000000 -0.000004
-0.595462 2.496000 -0.510330 0.260409 0.938463 0.226880
3
-0.595462 2.496000 -0.510330 0.260409 0.938463 0.226880
0.000000 1.312000 0.000000 0.000029 1.000000 -0.000004
-0.120166 2.496000 -0.774972 0.050059 0.938457 0.341748
3
-0.120166 2.496000 -0.774972 0.050059 0.938457 0.341748
0.000000 1.312000 0.000000 0.000029 1.000000 -0.000004
0.412954 2.496000 -0.666700 -0.184334 0.938457 0.292095
3
0.412954 2.496000 -0.666700 -0.184334 0.938457 0.292095
0.000000 1.312000 0.000000 0.000029 1.000000 -0.000004
0.747366 2.496000 -0.237622 -0.259467 0.959181 0.112468
3
0.747366 2.496000 -0.237622 -0.259467 0.959181 0.112468
0.000000 1.312000 0.000000 0.000029 1.000000 -0.000004
0.784002 2.496002 0.000002 -0.451149 0.891248 -0.046281
3
1.550104 -0.384000 1.160324 0.852602 0.081648 0.516143
1.456002 -1.951998 0.000002 0.807582 -0.575539 0.128711
1.936002 -0.383998 0.000002 0.995684 0.083104 -0.041329
3
0.545810 -0.384000 1.857762 0.351834 0.082271 0.932440
1.105798 -1.952000 0.947828 0.580189 -0.583803 0.567939
1.550104 -0.384000 1.160324 0.852602 0.081648 0.516143
3
-0.676134 -0.384000 1.814396 -0.298491 0.082729 0.950820
0.223072 -1.952000 1.439248 0.084346 -0.586058 0.805867
0.545810 -0.384000 1.857762 0.351834 0.082271 0.932440
3
-1.628462 -0.384000 1.047522 -0.814619 0.082609 0.574083
-0.766996 -1.952000 1.238108 -0.448166 -0.587626 0.673679
-0.676134 -0.384000 1.814396 -0.298491 0.082729 0.950820
3
-1.936000 -0.384000 0.000124 -0.995683 0.083103 0.041347
-1.387996 -1.952000 0.441208 -0.760265 -0.576064 0.300244
-1.628462 -0.384000 1.047522 -0.814619 0.082609 0.574083
3
1.200002 1.104002 0.000002 0.980407 0.134873 0.143567
1.550104 -0.384000 1.160324 0.852602 0.081648 0.516143
1.936002 -0.383998 0.000002 0.995684 0.083104 -0.041329
3
0.911372 1.104000 0.781176 0.770493 0.054472 0.635116
0.545810 -0.384000 1.857762 0.351834 0.082271 0.932440
1.550104 -0.384000 1.160324 0.852602 0.081648 0.516143
3
0.183850 1.104000 1.186192 0.125519 -0.006690 0.992069
-0.676134 -0.384000 1.814396 -0.298491 0.082729 0.950820
0.545810 -0.384000 1.857762 0.351834 0.082271 0.932440
3
-0.632140 1.104000 1.020420 -0.594841 0.059896 0.801609
-1.628462 -0.384000 1.047522 -0.814619 0.082609 0.574083
-0.676134 -0.384000 1.814396 -0.298491 0.082729 0.950820
3
-1.143952 1.104000 0.363634 -0.940914 0.048358 0.335175
-1.936000 -0.384000 0.000124 -0.995683 0.083103 0.041347
-1.628462 -0.384000 1.047522 -0.814619 0.082609 0.574083
3
1.728002 2.464002 0.000002 0.818831 0.567942 0.083416
0.911372 1.104000 0.781176 0.770493 0.054472 0.635116
1.200002 1.104002 0.000002 0.980407 0.134873 0.143567
3
1.312376 2.464000 1.124894 0.548915 0.580385 0.601536
0.183850 1.104000 1.186192 0.125519 -0.006690 0.992069
0.911372 1.104000 0.781176 0.770493 0.054472 0.635116
3
-0.910280 2.464000 1.469404 -0.340952 0.580346 0.739560
0.183850 1.104000 1.186192 0.125519 -0.006690 0.992069
0.264746 2.464000 1.708118 0.124419 0.583249 0.802709
3
-1.647290 2.464000 0.523632 -0.724515 0.567619 0.391007
-0.632140 1.104000 1.020420 -0.594841 0.059896 0.801609
-0.910280 2.464000 1.469404 -0.340952 0.580346 0.739560
3
-1.728000 2.464000 0.000110 -0.818836 0.567938 -0.083392
-1.143952 1.104000 0.363634 -0.940914 0.048358 0.335175
-1.647290 2.464000 0.523632 -0.724515 0.567619 0.391007
3
0.595430 2.496000 0.510368 -0.260394 0.938463 -0.226895
1.728002 2.464002 0.000002 0.818831 0.567942 0.083416
0.784002 2.496002 0.000002 -0.451149 0.891248 -0.046281
3
0.120116 2.496000 0.774980 -0.042463 0.960803 -0.273959
1.312376 2.464000 1.124894 0.548915 0.580385 0.601536
0.595430 2.496000 0.510368 -0.260394 0.938463 -0.226895
3
0.120116 2.496000 0.774980 -0.042463 0.960803 -0.273959
-0.910280 2.464000 1.469404 -0.340952 0.580346 0.739560
0.264746 2.464000 1.708118 0.124419 0.583249 0.802709
3
-0.412998 2.496000 0.666674 0.179423 0.938457 -0.295136
-1.647290 2.464000 0.523632 -0.724515 0.567619 0.391007
-0.910280 2.464000 1.469404 -0.340952 0.580346 0.739560
3
-0.747382 2.496000 0.237574 0.321898 0.936098 -0.141782
-1.728000 2.464000 0.000110 -0.818836 0.567938 -0.083392
-1.647290 2.464000 0.523632 -0.724515 0.567619 0.391007
3
-1.550180 -0.384000 -1.160224 -0.852636 0.081648 -0.516086
-1.456000 -1.952000 0.000092 -0.807588 -0.575537 -0.128679
-1.936000 -0.384000 0.000124 -0.995683 0.083103 0.041347
3
-0.545930 -0.384000 -1.857728 -0.351894 0.082271 -0.932417
-1.105860 -1.952000 -0.947756 -0.580225 -0.583804 -0.567901
-1.550180 -0.384000 -1.160224 -0.852636 0.081648 -0.516086
3
0.676018 -0.384000 -1.814440 0.298430 0.082729 -0.950839
-0.223164 -1.952000 -1.439234 -0.084397 -0.586058 -0.805862
-0.545930 -0.384000 -1.857728 -0.351894 0.082271 -0.932417
3
1.628396 -0.384000 -1.047626 0.814595 0.082610 -0.574118
0.766916 -1.952000 -1.238158 0.448123 -0.587626 -0.673707
0.676018 -0.384000 -1.814440 0.298430 0.082729 -0.950839
3
1.936002 -0.383998 0.000002 0.995684 0.083104 -0.041329
1.387966 -1.952000 -0.441298 0.760259 -0.576063 -0.300264
1.628396 -0.384000 -1.047626 0.814595 0.082610 -0.574118
3
-1.200000 1.104000 0.000076 -0.980412 0.134872 -0.143530
-1.550180 -0.384000 -1.160224 -0.852636 0.081648 -0.516086
-1.936000 -0.384000 0.000124 -0.995683 0.083103 0.041347
3
-0.911422 1.104000 -0.781118 -0.770536 0.054472 -0.635065
-0.545930 -0.384000 -1.857728 -0.351894 0.082271 -0.932417
-1.550180 -0.384000 -1.160224 -0.852636 0.081648 -0.516086
3
-0.183928 1.104000 -1.186182 -0.182438 0.057795 -0.981517
0.676018 -0.384000 -1.814440 0.298430 0.082729 -0.950839
-0.545930 -0.384000 -1.857728 -0.351894 0.082271 -0.932417
3
0.632074 1.104000 -1.020460 0.490277 0.060055 -0.869495
1.628396 -0.384000 -1.047626 0.814595 0.082610 -0.574118
0.676018 -0.384000 -1.814440 0.298430 0.082729 -0.950839
3
1.143928 1.104000 -0.363706 0.925030 -0.013251 -0.379662
1.936002 -0.383998 0.000002 0.995684 0.083104 -0.041329
1.628396 -0.384000 -1.047626 0.814595 0.082610 -0.574118
3
-1.728000 2.464000 0.000110 -0.818836 0.567938 -0.083392
-0.911422 1.104000 -0.781118 -0.770536 0.054472 -0.635065
-1.200000 1.104000 0.000076 -0.980412 0.134872 -0.143530
3
-1.312448 2.464000 -1.124810 -0.548955 0.580386 -0.601499
-0.183928 1.104000 -1.186182 -0.182438 0.057795 -0.981517
-0.911422 1.104000 -0.781118 -0.770536 0.054472 -0.635065
3
-0.264856 2.464000 -1.708100 -0.025397 0.580347 -0.813973
0.632074 1.104000 -1.020460 0.490277 0.060055 -0.869495
-0.183928 1.104000 -1.186182 -0.182438 0.057795 -0.981517
3
0.910186 2.464000 -1.469462 0.510300 0.580346 -0.634659
1.143928 1.104000 -0.363706 0.925030 -0.013251 -0.379662
0.632074 1.104000 -1.020460 0.490277 0.060055 -0.869495
3
1.728002 2.464002 0.000002 0.818831 0.567942 0.083416
1.143928 1.104000 -0.363706 0.925030 -0.013251 -0.379662
1.647258 2.464000 -0.523738 0.755268 0.568039 -0.326959
3
-0.595462 2.496000 -0.510330 0.260409 0.938463 0.226880
-1.728000 2.464000 0.000110 -0.818836 0.567938 -0.083392
-0.784000 2.496000 0.000050 0.451153 0.891247 0.046267
3
-0.120166 2.496000 -0.774972 0.050059 0.938457 0.341748
-1.312448 2.464000 -1.124810 -0.548955 0.580386 -0.601499
-0.595462 2.496000 -0.510330 0.260409 0.938463 0.226880
3
0.412954 2.496000 -0.666700 -0.184334 0.938457 0.292095
-0.264856 2.464000 -1.708100 -0.025397 0.580347 -0.813973
-0.120166 2.496000 -0.774972 0.050059 0.938457 0.341748
3
0.747366 2.496000 -0.237622 -0.259467 0.959181 0.112468
0.910186 2.464000 -1.469462 0.510300 0.580346 -0.634659
0.412954 2.496000 -0.666700 -0.184334 0.938457 0.292095
3
0.747366 2.496000 -0.237622 -0.259467 0.959181 0.112468
1.728002 2.464002 0.000002 0.818831 0.567942 0.083416
1.647258 2.464000 -0.523738 0.755268 0.568039 -0.326959
