T
37
4
-5.000000 -7.000000 8.000000 0.000000 0.000000 -1.000000 1.000000 0.000000
-5.000000 3.000000 8.000000 0.000000 0.000000 -1.000000 1.000000 1.000000
5.000000 3.000000 8.000000 0.000000 0.000000 -1.000000 0.000000 1.000000
5.000000 -7.000000 8.000000 0.000000 0.000000 -1.000000 0.000000 0.000000
4
-5.000000 -7.000000 10.000000 0.000000 0.000000 1.000000 0.000000 0.000000
5.000000 -7.000000 10.000000 0.000000 0.000000 1.000000 1.000000 0.000000
5.000000 3.000000 10.000000 0.000000 0.000000 1.000000 1.000000 1.000000
-5.000000 3.000000 10.000000 0.000000 0.000000 1.000000 0.000000 1.000000
4
-5.000000 -7.000000 8.000000 0.000000 -1.000000 0.000000 0.000000 0.000000
5.000000 -7.000000 8.000000 0.000000 -1.000000 0.000000 1.000000 0.000000
5.000000 -7.000000 10.000000 0.000000 -1.000000 0.000000 1.000000 1.000000
-5.000000 -7.000000 10.000000 0.000000 -1.000000 0.000000 0.000000 1.000000
4
5.000000 -7.000000 8.000000 1.000000 0.000000 0.000000 0.000000 0.000000
5.000000 3.000000 8.000000 1.000000 0.000000 0.000000 1.000000 0.000000
5.000000 3.000000 10.000000 1.000000 0.000000 0.000000 1.000000 1.000000
5.000000 -7.000000 10.000000 1.000000 0.000000 0.000000 0.000000 1.000000
4
5.000000 3.000000 8.000000 0.000000 1.000000 0.000000 0.000000 0.000000
-5.000000 3.000000 8.000000 0.000000 1.000000 0.000000 1.000000 0.000000
-5.000000 3.000000 10.000000 0.000000 1.000000 0.000000 1.000000 1.000000
5.000000 3.000000 10.000000 0.000000 1.000000 0.000000 0.000000 1.000000
4
-5.000000 3.000000 8.000000 -1.000000 0.000000 0.000000 0.000000 0.000000
-5.000000 -7.000000 8.000000 -1.000000 0.000000 0.000000 1.000000 0.000000
-5.000000 -7.000000 10.000000 -1.000000 0.000000 0.000000 1.000000 1.000000
-5.000000 3.000000 10.000000 -1.000000 0.000000 0.000000 0.000000 1.000000
4
1.500000 -5.000000 0.000000 0.000000 0.000000 -1.000000 1.000000 0.000000
1.500000 -2.000000 0.000000 0.000000 0.000000 -1.000000 1.000000 1.000000
4.500000 -2.000000 0.000000 0.000000 0.000000 -1.000000 0.000000 1.000000
4.500000 -5.000000 0.000000 0.000000 0.000000 -1.000000 0.000000 0.000000
4
1.500000 -5.000000 8.000000 0.000000 0.000000 1.000000 0.000000 0.000000
4.500000 -5.000000 8.000000 0.000000 0.000000 1.000000 1.000000 0.000000
4.500000 -2.000000 8.000000 0.000000 0.000000 1.000000 1.000000 1.000000
1.500000 -2.000000 8.000000 0.000000 0.000000 1.000000 0.000000 1.000000
4
1.500000 -5.000000 0.000000 0.000000 -1.000000 0.000000 0.000000 0.000000
4.500000 -5.000000 0.000000 0.000000 -1.000000 0.000000 1.000000 0.000000
4.500000 -5.000000 8.000000 0.000000 -1.000000 0.000000 1.000000 1.000000
1.500000 -5.000000 8.000000 0.000000 -1.000000 0.000000 0.000000 1.000000
4
4.500000 -5.000000 0.000000 1.000000 0.000000 0.000000 0.000000 0.000000
4.500000 -2.000000 0.000000 1.000000 0.000000 0.000000 1.000000 0.000000
4.500000 -2.000000 8.000000 1.000000 0.000000 0.000000 1.000000 1.000000
4.500000 -5.000000 8.000000 1.000000 0.000000 0.000000 0.000000 1.000000
4
4.500000 -2.000000 0.000000 0.000000 1.000000 0.000000 0.000000 0.000000
1.500000 -2.000000 0.000000 0.000000 1.000000 0.000000 1.000000 0.000000
1.500000 -2.000000 8.000000 0.000000 1.000000 0.000000 1.000000 1.000000
4.500000 -2.000000 8.000000 0.000000 1.000000 0.000000 0.000000 1.000000
4
1.500000 -2.000000 0.000000 -1.000000 0.000000 0.000000 0.000000 0.000000
1.500000 -5.000000 0.000000 -1.000000 0.000000 0.000000 1.000000 0.000000
1.500000 -5.000000 8.000000 -1.000000 0.000000 0.000000 1.000000 1.000000
1.500000 -2.000000 8.000000 -1.000000 0.000000 0.000000 0.000000 1.000000
4
1.500000 2.000000 0.000000 0.000000 0.000000 -1.000000 1.000000 0.000000
1.500000 5.000000 0.000000 0.000000 0.000000 -1.000000 1.000000 1.000000
4.500000 5.000000 0.000000 0.000000 0.000000 -1.000000 0.000000 1.000000
4.500000 2.000000 0.000000 0.000000 0.000000 -1.000000 0.000000 0.000000
4
1.500000 2.000000 8.000000 0.000000 0.000000 1.000000 0.000000 0.000000
4.500000 2.000000 8.000000 0.000000 0.000000 1.000000 1.000000 0.000000
4.500000 5.000000 8.000000 0.000000 0.000000 1.000000 1.000000 1.000000
1.500000 5.000000 8.000000 0.000000 0.000000 1.000000 0.000000 1.000000
4
1.500000 2.000000 0.000000 0.000000 -1.000000 0.000000 0.000000 0.000000
4.500000 2.000000 0.000000 0.000000 -1.000000 0.000000 1.000000 0.000000
4.500000 2.000000 8.000000 0.000000 -1.000000 0.000000 1.000000 1.000000
1.500000 2.000000 8.000000 0.000000 -1.000000 0.000000 0.000000 1.000000
4
4.500000 2.000000 0.000000 1.000000 0.000000 0.000000 0.000000 0.000000
4.500000 5.000000 0.000000 1.000000 0.000000 0.000000 1.000000 0.000000
4.500000 5.000000 8.000000 1.000000 0.000000 0.000000 1.000000 1.000000
4.500000 2.000000 8.000000 1.000000 0.000000 0.000000 0.000000 1.000000
4
4.500000 5.000000 0.000000 0.000000 1.000000 0.000000 0.000000 0.000000
1.500000 5.000000 0.000000 0.000000 1.000000 0.000000 1.000000 0.000000
1.500000 5.000000 8.000000 0.000000 1.000000 0.000000 1.000000 1.000000
4.500000 5.000000 8.000000 0.000000 1.000000 0.000000 0.000000 1.000000
4
1.500000 5.000000 0.000000 -1.000000 0.000000 0.000000 0.000000 0.000000
1.500000 2.000000 0.000000 -1.000000 0.000000 0.000000 1.000000 0.000000
1.500000 2.000000 8.000000 -1.000000 0.000000 0.000000 1.000000 1.000000
1.500000 5.000000 8.000000 -1.000000 0.000000 0.000000 0.000000 1.000000
4
-4.500000 2.000000 0.000000 0.000000 0.000000 -1.000000 1.000000 0.000000
-4.500000 5.000000 0.000000 0.000000 0.000000 -1.000000 1.000000 1.000000
-1.500000 5.000000 0.000000 0.000000 0.000000 -1.000000 0.000000 1.000000
-1.500000 2.000000 0.000000 0.000000 0.000000 -1.000000 0.000000 0.000000
4
-4.500000 2.000000 8.000000 0.000000 0.000000 1.000000 0.000000 0.000000
-1.500000 2.000000 8.000000 0.000000 0.000000 1.000000 1.000000 0.000000
-1.500000 5.000000 8.000000 0.000000 0.000000 1.000000 1.000000 1.000000
-4.500000 5.000000 8.000000 0.000000 0.000000 1.000000 0.000000 1.000000
4
-4.500000 2.000000 0.000000 0.000000 -1.000000 0.000000 0.000000 0.000000
-1.500000 2.000000 0.000000 0.000000 -1.000000 0.000000 1.000000 0.000000
-1.500000 2.000000 8.000000 0.000000 -1.000000 0.000000 1.000000 1.000000
-4.500000 2.000000 8.000000 0.000000 -1.000000 0.000000 0.000000 1.000000
4
-1.500000 2.000000 0.000000 1.000000 0.000000 0.000000 0.000000 0.000000
-1.500000 5.000000 0.000000 1.000000 0.000000 0.000000 1.000000 0.000000
-1.500000 5.000000 8.000000 1.000000 0.000000 0.000000 1.000000 1.000000
-1.500000 2.000000 8.000000 1.000000 0.000000 0.000000 0.000000 1.000000
4
-1.500000 5.000000 0.000000 0.000000 1.000000 0.000000 0.000000 0.000000
-4.500000 5.000000 0.000000 0.000000 1.000000 0.000000 1.000000 0.000000
-4.500000 5.000000 8.000000 0.000000 1.000000 0.000000 1.000000 1.000000
-1.500000 5.000000 8.000000 0.000000 1.000000 0.000000 0.000000 1.000000
4
-4.500000 5.000000 0.000000 -1.000000 0.000000 0.000000 0.000000 0.000000
-4.500000 2.000000 0.000000 -1.000000 0.000000 0.000000 1.000000 0.000000
-4.500000 2.000000 8.000000 -1.000000 0.000000 0.000000 1.000000 1.000000
-4.500000 5.000000 8.000000 -1.000000 0.000000 0.000000 0.000000 1.000000
4
-4.500000 -5.000000 0.000000 0.000000 0.000000 -1.000000 1.000000 0.000000
-4.500000 -2.000000 0.000000 0.000000 0.000000 -1.000000 1.000000 1.000000
-1.500000 -2.000000 0.000000 0.000000 0.000000 -1.000000 0.000000 1.000000
-1.500000 -5.000000 0.000000 0.000000 0.000000 -1.000000 0.000000 0.000000
4
-4.500000 -5.000000 8.000000 0.000000 0.000000 1.000000 0.000000 0.000000
-1.500000 -5.000000 8.000000 0.000000 0.000000 1.000000 1.000000 0.000000
-1.500000 -2.000000 8.000000 0.000000 0.000000 1.000000 1.000000 1.000000
-4.500000 -2.000000 8.000000 0.000000 0.000000 1.000000 0.000000 1.000000
4
-4.500000 -5.000000 0.000000 0.000000 -1.000000 0.000000 0.000000 0.000000
-1.500000 -5.000000 0.000000 0.000000 -1.000000 0.000000 1.000000 0.000000
-1.500000 -5.000000 8.000000 0.000000 -1.000000 0.000000 1.000000 1.000000
-4.500000 -5.000000 8.000000 0.000000 -1.000000 0.000000 0.000000 1.000000
4
-1.500000 -5.000000 0.000000 1.000000 0.000000 0.000000 0.000000 0.000000
-1.500000 -2.000000 0.000000 1.000000 0.000000 0.000000 1.000000 0.000000
-1.500000 -2.000000 8.000000 1.000000 0.000000 0.000000 1.000000 1.000000
-1.500000 -5.000000 8.000000 1.000000 0.000000 0.000000 0.000000 1.000000
4
-1.500000 -2.000000 0.000000 0.000000 1.000000 0.000000 0.000000 0.000000
-4.500000 -2.000000 0.000000 0.000000 1.000000 0.000000 1.000000 0.000000
-4.500000 -2.000000 8.000000 0.000000 1.000000 0.000000 1.000000 1.000000
-1.500000 -2.000000 8.000000 0.000000 1.000000 0.000000 0.000000 1.000000
4
-4.500000 -2.000000 0.000000 -1.000000 0.000000 0.000000 0.000000 0.000000
-4.500000 -5.000000 0.000000 -1.000000 0.000000 0.000000 1.000000 0.000000
-4.500000 -5.000000 8.000000 -1.000000 0.000000 0.000000 1.000000 1.000000
-4.500000 -2.000000 8.000000 -1.000000 0.000000 0.000000 0.000000 1.000000
4
-5.000000 3.000000 8.000000 0.000000 0.000000 -1.000000 1.000000 0.000000
-5.000000 5.000000 8.000000 0.000000 0.000000 -1.000000 1.000000 1.000000
5.000000 5.000000 8.000000 0.000000 0.000000 -1.000000 0.000000 1.000000
5.000000 3.000000 8.000000 0.000000 0.000000 -1.000000 0.000000 0.000000
4
-5.000000 3.000000 18.000000 0.000000 0.000000 1.000000 0.000000 0.000000
5.000000 3.000000 18.000000 0.000000 0.000000 1.000000 1.000000 0.000000
5.000000 5.000000 18.000000 0.000000 0.000000 1.000000 1.000000 1.000000
-5.000000 5.000000 18.000000 0.000000 0.000000 1.000000 0.000000 1.000000
4
-5.000000 3.000000 8.000000 0.000000 -1.000000 0.000000 0.000000 0.000000
5.000000 3.000000 8.000000 0.000000 -1.000000 0.000000 1.000000 0.000000
5.000000 3.000000 18.000000 0.000000 -1.000000 0.000000 1.000000 1.000000
-5.000000 3.000000 18.000000 0.000000 -1.000000 0.000000 0.000000 1.000000
4
5.000000 3.000000 8.000000 1.000000 0.000000 0.000000 0.000000 0.000000
5.000000 5.000000 8.000000 1.000000 0.000000 0.000000 1.000000 0.000000
5.000000 5.000000 18.000000 1.000000 0.000000 0.000000 1.000000 1.000000
5.000000 3.000000 18.000000 1.000000 0.000000 0.000000 0.000000 1.000000
4
5.000000 5.000000 8.000000 0.000000 1.000000 0.000000 0.000000 0.000000
-5.000000 5.000000 8.000000 0.000000 1.000000 0.000000 1.000000 0.000000
-5.000000 5.000000 18.000000 0.000000 1.000000 0.000000 1.000000 1.000000
5.000000 5.000000 18.000000 0.000000 1.000000 0.000000 0.000000 1.000000
4
-5.000000 5.000000 8.000000 -1.000000 0.000000 0.000000 0.000000 0.000000
-5.000000 3.000000 8.000000 -1.000000 0.000000 0.000000 1.000000 0.000000
-5.000000 3.000000 18.000000 -1.000000 0.000000 0.000000 1.000000 1.000000
-5.000000 5.000000 18.000000 -1.000000 0.000000 0.000000 0.000000 1.000000
4
-5.000000 5.000000 8.000000 -1.000000 0.000000 0.000000 0.000000 0.000000
-5.000000 5.000000 8.000000 -1.000000 0.000000 0.000000 1.000000 0.000000
-5.000000 5.000000 8.000000 -1.000000 0.000000 0.000000 1.000000 1.000000
-5.000000 5.000000 8.000000 -1.000000 0.000000 0.000000 0.000000 1.000000
