7
data/Building1.txt
1
0.0 0.0 0.0 1.0
0.4 0.4 0.4 1.0
0.5 0.6 0.3 1.0
0.6 0.6 0.6 1.0
55.0
1.0 0.0 0.0 0.0
0.0 1.0 0.0 0.0
0.0 0.0 1.0 0.0
0.0 0.0 0.0 1.0

data/clock.txt
1
0.0 0.0 0.0 1.0
0.4 0.1 0.1 1.0
0.8 0.2 0.3 1.0
0.7 0.7 0.7 1.0
15.0
0.75 0.0 0.0 100.0
0.0 0.75 0.0 150.0
0.0 0.0 0.75 0.0
0.0 0.0 0.0 1.0

data/Box.txt
1
0.0 0.0 0.0 1.0
0.4 0.1 0.1 1.0
0.8 0.2 0.3 1.0
0.7 0.7 0.7 1.0
15.0
5.0 0.0 0.0 75.0
0.0 5.0 0.0 115.0
0.0 0.0 5.0 5.0
0.0 0.0 0.0 1.0

data/Frame.txt
1
0.0 0.0 0.0 1.0
0.1 0.1 0.2 1.0
0.2 0.2 0.7 1.0
0.7 0.7 0.7 1.0
35.0
0.75 0.0 0.0 110.0
0.0 0.0 -0.2 120.0
0.0 0.6 0.0 30.0
0.0 0.0 0.0 1.0

data/Table.txt
2
0.0 0.0 0.0 1.0
0.1 0.3 0.1 1.0
0.4 0.6 0.3 1.0
0.5 0.5 0.5 1.0
15.0
0.5 0.0 0.0 157.0
0.0 0.5 0.0 76.5
0.0 0.0 0.5 0.0
0.0 0.0 0.0 1.0

0.0 0.0 0.0 1.0
0.1 0.2 0.3 1.0
0.3 0.3 0.7 1.0
0.5 0.5 0.5 1.0
55.0
0.8 0.0 0.0 198.0
0.0 0.6 0.0 120.0
0.0 0.0 0.6 0.0
0.0 0.0 0.0 1.0

data/Teapotn.txt
1
0.0 0.0 0.0 1.0
0.33 0.22 0.03 1.0
0.78 0.57 0.11 1.0
0.99 0.91 0.81 1.0
27.8
2.0 0.0 0.0 193.0
0.0 2.0 0.0 120.0
0.0 0.0 2.0 11.0
0.0 0.0 0.0 1.0

data/Jar.txt
2
0.0 0.0 0.0 1.0
0.25 0.20725 0.20725 1.0
1.0 0.829 0.829 1.0
0.296648 0.296648 0.296648 1.0
11.5
1.0 0.0 0.0 204.0
0.0 0.0 -1.0 123.0
0.0 1.0 0.0 14.0
0.0 0.0 0.0 1.0

0.0 0.0 0.0 1.0
0.03784 0.30712 0.03784 1.0
0.07568 0.61424 0.07568 1.0
0.633 0.727811 0.633 1.0
29.0
1.0 0.0 0.0 201.5
0.0 0.0 -1.0 118.0
0.0 1.0 0.0 14.0
0.0 0.0 0.0 1.0

5
120.0 100.0 49.0 1.0
0.7 0.7 0.7 1.0
0.5 0.5 0.5 1.0
0.8 0.8 0.8 1.0

80.0 47.5 49.0 1.0
0.2 0.0 0.0 1.0
0.5 0.0 0.0 1.0
0.5 0.0 0.0 1.0

40.0 130.0 49.0 1.0
0.0 0.2 0.0 1.0
0.0 0.5 0.0 1.0
0.0 0.5 0.0 1.0

190.0 60 49.0 1.0
0.0 0.0 0.2 1.0
0.0 0.0 0.5 1.0
0.0 0.0 0.5 1.0

210.0 112.5 49.0 1.0
0.2 0.2 0.0 1.0
0.5 0.5 0.0 1.0
0.5 0.5 0.0 1.0