N
72
3
-15.000000 -15.000000 17.000000 0.000000 0.000000 -1.000000
-15.000000 15.000000 17.000000 0.000000 0.000000 -1.000000
15.000000 15.000000 17.000000 0.000000 0.000000 -1.000000
3
15.000000 15.000000 17.000000 0.000000 0.000000 -1.000000
15.000000 -15.000000 17.000000 0.000000 0.000000 -1.000000
-15.000000 -15.000000 17.000000 0.000000 0.000000 -1.000000
3
-15.000000 -15.000000 19.000000 0.000000 0.000000 1.000000
15.000000 -15.000000 19.000000 0.000000 0.000000 1.000000
15.000000 15.000000 19.000000 0.000000 0.000000 1.000000
3
15.000000 15.000000 19.000000 0.000000 0.000000 1.000000
-15.000000 15.000000 19.000000 0.000000 0.000000 1.000000
-15.000000 -15.000000 19.000000 0.000000 0.000000 1.000000
3
-15.000000 -15.000000 17.000000 0.000000 -1.000000 0.000000
15.000000 -15.000000 17.000000 0.000000 -1.000000 0.000000
15.000000 -15.000000 19.000000 0.000000 -1.000000 0.000000
3
15.000000 -15.000000 19.000000 0.000000 -1.000000 0.000000
-15.000000 -15.000000 19.000000 0.000000 -1.000000 0.000000
-15.000000 -15.000000 17.000000 0.000000 -1.000000 0.000000
3
15.000000 -15.000000 17.000000 1.000000 0.000000 0.000000
15.000000 15.000000 17.000000 1.000000 0.000000 0.000000
15.000000 15.000000 19.000000 1.000000 0.000000 0.000000
3
15.000000 15.000000 19.000000 1.000000 0.000000 0.000000
15.000000 -15.000000 19.000000 1.000000 0.000000 0.000000
15.000000 -15.000000 17.000000 1.000000 0.000000 0.000000
3
15.000000 15.000000 17.000000 0.000000 1.000000 0.000000
-15.000000 15.000000 17.000000 0.000000 1.000000 0.000000
-15.000000 15.000000 19.000000 0.000000 1.000000 0.000000
3
-15.000000 15.000000 19.000000 0.000000 1.000000 0.000000
15.000000 15.000000 19.000000 0.000000 1.000000 0.000000
15.000000 15.000000 17.000000 0.000000 1.000000 0.000000
3
-15.000000 15.000000 17.000000 -1.000000 0.000000 0.000000
-15.000000 -15.000000 17.000000 -1.000000 0.000000 0.000000
-15.000000 -15.000000 19.000000 -1.000000 0.000000 0.000000
3
-15.000000 -15.000000 19.000000 -1.000000 0.000000 0.000000
-15.000000 15.000000 19.000000 -1.000000 0.000000 0.000000
-15.000000 15.000000 17.000000 -1.000000 0.000000 0.000000
3
-13.000000 11.000000 0.000000 0.000000 0.000000 -1.000000
-13.000000 13.000000 0.000000 0.000000 0.000000 -1.000000
-11.000000 13.000000 0.000000 0.000000 0.000000 -1.000000
3
-11.000000 13.000000 0.000000 0.000000 0.000000 -1.000000
-11.000000 11.000000 0.000000 0.000000 0.000000 -1.000000
-13.000000 11.000000 0.000000 0.000000 0.000000 -1.000000
3
-13.000000 11.000000 15.000000 0.000000 0.000000 1.000000
-11.000000 11.000000 15.000000 0.000000 0.000000 1.000000
-11.000000 13.000000 15.000000 0.000000 0.000000 1.000000
3
-11.000000 13.000000 15.000000 0.000000 0.000000 1.000000
-13.000000 13.000000 15.000000 0.000000 0.000000 1.000000
-13.000000 11.000000 15.000000 0.000000 0.000000 1.000000
3
-13.000000 11.000000 0.000000 0.000000 -1.000000 0.000000
-11.000000 11.000000 0.000000 0.000000 -1.000000 0.000000
-11.000000 11.000000 15.000000 0.000000 -1.000000 0.000000
3
-11.000000 11.000000 15.000000 0.000000 -1.000000 0.000000
-13.000000 11.000000 15.000000 0.000000 -1.000000 0.000000
-13.000000 11.000000 0.000000 0.000000 -1.000000 0.000000
3
-11.000000 11.000000 0.000000 1.000000 0.000000 0.000000
-11.000000 13.000000 0.000000 1.000000 0.000000 0.000000
-11.000000 13.000000 15.000000 1.000000 0.000000 0.000000
3
-11.000000 13.000000 15.000000 1.000000 0.000000 0.000000
-11.000000 11.000000 15.000000 1.000000 0.000000 0.000000
-11.000000 11.000000 0.000000 1.000000 0.000000 0.000000
3
-11.000000 13.000000 0.000000 0.000000 1.000000 0.000000
-13.000000 13.000000 0.000000 0.000000 1.000000 0.000000
-13.000000 13.000000 15.000000 0.000000 1.000000 0.000000
3
-13.000000 13.000000 15.000000 0.000000 1.000000 0.000000
-11.000000 13.000000 15.000000 0.000000 1.000000 0.000000
-11.000000 13.000000 0.000000 0.000000 1.000000 0.000000
3
-13.000000 13.000000 0.000000 -1.000000 0.000000 0.000000
-13.000000 11.000000 0.000000 -1.000000 0.000000 0.000000
-13.000000 11.000000 15.000000 -1.000000 0.000000 0.000000
3
-13.000000 11.000000 15.000000 -1.000000 0.000000 0.000000
-13.000000 13.000000 15.000000 -1.000000 0.000000 0.000000
-13.000000 13.000000 0.000000 -1.000000 0.000000 0.000000
3
-13.000000 -13.000000 0.000000 0.000000 0.000000 -1.000000
-13.000000 -11.000000 0.000000 0.000000 0.000000 -1.000000
-11.000000 -11.000000 0.000000 0.000000 0.000000 -1.000000
3
-11.000000 -11.000000 0.000000 0.000000 0.000000 -1.000000
-11.000000 -13.000000 0.000000 0.000000 0.000000 -1.000000
-13.000000 -13.000000 0.000000 0.000000 0.000000 -1.000000
3
-13.000000 -13.000000 15.000000 0.000000 0.000000 1.000000
-11.000000 -13.000000 15.000000 0.000000 0.000000 1.000000
-11.000000 -11.000000 15.000000 0.000000 0.000000 1.000000
3
-11.000000 -11.000000 15.000000 0.000000 0.000000 1.000000
-13.000000 -11.000000 15.000000 0.000000 0.000000 1.000000
-13.000000 -13.000000 15.000000 0.000000 0.000000 1.000000
3
-13.000000 -13.000000 0.000000 0.000000 -1.000000 0.000000
-11.000000 -13.000000 0.000000 0.000000 -1.000000 0.000000
-11.000000 -13.000000 15.000000 0.000000 -1.000000 0.000000
3
-11.000000 -13.000000 15.000000 0.000000 -1.000000 0.000000
-13.000000 -13.000000 15.000000 0.000000 -1.000000 0.000000
-13.000000 -13.000000 0.000000 0.000000 -1.000000 0.000000
3
-11.000000 -13.000000 0.000000 1.000000 0.000000 0.000000
-11.000000 -11.000000 0.000000 1.000000 0.000000 0.000000
-11.000000 -11.000000 15.000000 1.000000 0.000000 0.000000
3
-11.000000 -11.000000 15.000000 1.000000 0.000000 0.000000
-11.000000 -13.000000 15.000000 1.000000 0.000000 0.000000
-11.000000 -13.000000 0.000000 1.000000 0.000000 0.000000
3
-11.000000 -11.000000 0.000000 0.000000 1.000000 0.000000
-13.000000 -11.000000 0.000000 0.000000 1.000000 0.000000
-13.000000 -11.000000 15.000000 0.000000 1.000000 0.000000
3
-13.000000 -11.000000 15.000000 0.000000 1.000000 0.000000
-11.000000 -11.000000 15.000000 0.000000 1.000000 0.000000
-11.000000 -11.000000 0.000000 0.000000 1.000000 0.000000
3
-13.000000 -11.000000 0.000000 -1.000000 0.000000 0.000000
-13.000000 -13.000000 0.000000 -1.000000 0.000000 0.000000
-13.000000 -13.000000 15.000000 -1.000000 0.000000 0.000000
3
-13.000000 -13.000000 15.000000 -1.000000 0.000000 0.000000
-13.000000 -11.000000 15.000000 -1.000000 0.000000 0.000000
-13.000000 -11.000000 0.000000 -1.000000 0.000000 0.000000
3
11.000000 11.000000 0.000000 0.000000 0.000000 -1.000000
11.000000 13.000000 0.000000 0.000000 0.000000 -1.000000
13.000000 13.000000 0.000000 0.000000 0.000000 -1.000000
3
13.000000 13.000000 0.000000 0.000000 0.000000 -1.000000
13.000000 11.000000 0.000000 0.000000 0.000000 -1.000000
11.000000 11.000000 0.000000 0.000000 0.000000 -1.000000
3
11.000000 11.000000 15.000000 0.000000 0.000000 1.000000
13.000000 11.000000 15.000000 0.000000 0.000000 1.000000
13.000000 13.000000 15.000000 0.000000 0.000000 1.000000
3
13.000000 13.000000 15.000000 0.000000 0.000000 1.000000
11.000000 13.000000 15.000000 0.000000 0.000000 1.000000
11.000000 11.000000 15.000000 0.000000 0.000000 1.000000
3
11.000000 11.000000 0.000000 0.000000 -1.000000 0.000000
13.000000 11.000000 0.000000 0.000000 -1.000000 0.000000
13.000000 11.000000 15.000000 0.000000 -1.000000 0.000000
3
13.000000 11.000000 15.000000 0.000000 -1.000000 0.000000
11.000000 11.000000 15.000000 0.000000 -1.000000 0.000000
11.000000 11.000000 0.000000 0.000000 -1.000000 0.000000
3
13.000000 11.000000 0.000000 1.000000 0.000000 0.000000
13.000000 13.000000 0.000000 1.000000 0.000000 0.000000
13.000000 13.000000 15.000000 1.000000 0.000000 0.000000
3
13.000000 13.000000 15.000000 1.000000 0.000000 0.000000
13.000000 11.000000 15.000000 1.000000 0.000000 0.000000
13.000000 11.000000 0.000000 1.000000 0.000000 0.000000
3
13.000000 13.000000 0.000000 0.000000 1.000000 0.000000
11.000000 13.000000 0.000000 0.000000 1.000000 0.000000
11.000000 13.000000 15.000000 0.000000 1.000000 0.000000
3
11.000000 13.000000 15.000000 0.000000 1.000000 0.000000
13.000000 13.000000 15.000000 0.000000 1.000000 0.000000
13.000000 13.000000 0.000000 0.000000 1.000000 0.000000
3
11.000000 13.000000 0.000000 -1.000000 0.000000 0.000000
11.000000 11.000000 0.000000 -1.000000 0.000000 0.000000
11.000000 11.000000 15.000000 -1.000000 0.000000 0.000000
3
11.000000 11.000000 15.000000 -1.000000 0.000000 0.000000
11.000000 13.000000 15.000000 -1.000000 0.000000 0.000000
11.000000 13.000000 0.000000 -1.000000 0.000000 0.000000
3
11.000000 -13.000000 0.000000 0.000000 0.000000 -1.000000
11.000000 -11.000000 0.000000 0.000000 0.000000 -1.000000
13.000000 -11.000000 0.000000 0.000000 0.000000 -1.000000
3
13.000000 -11.000000 0.000000 0.000000 0.000000 -1.000000
13.000000 -13.000000 0.000000 0.000000 0.000000 -1.000000
11.000000 -13.000000 0.000000 0.000000 0.000000 -1.000000
3
11.000000 -13.000000 15.000000 0.000000 0.000000 1.000000
13.000000 -13.000000 15.000000 0.000000 0.000000 1.000000
13.000000 -11.000000 15.000000 0.000000 0.000000 1.000000
3
13.000000 -11.000000 15.000000 0.000000 0.000000 1.000000
11.000000 -11.000000 15.000000 0.000000 0.000000 1.000000
11.000000 -13.000000 15.000000 0.000000 0.000000 1.000000
3
11.000000 -13.000000 0.000000 0.000000 -1.000000 0.000000
13.000000 -13.000000 0.000000 0.000000 -1.000000 0.000000
13.000000 -13.000000 15.000000 0.000000 -1.000000 0.000000
3
13.000000 -13.000000 15.000000 0.000000 -1.000000 0.000000
11.000000 -13.000000 15.000000 0.000000 -1.000000 0.000000
11.000000 -13.000000 0.000000 0.000000 -1.000000 0.000000
3
13.000000 -13.000000 0.000000 1.000000 0.000000 0.000000
13.000000 -11.000000 0.000000 1.000000 0.000000 0.000000
13.000000 -11.000000 15.000000 1.000000 0.000000 0.000000
3
13.000000 -11.000000 15.000000 1.000000 0.000000 0.000000
13.000000 -13.000000 15.000000 1.000000 0.000000 0.000000
13.000000 -13.000000 0.000000 1.000000 0.000000 0.000000
3
13.000000 -11.000000 0.000000 0.000000 1.000000 0.000000
11.000000 -11.000000 0.000000 0.000000 1.000000 0.000000
11.000000 -11.000000 15.000000 0.000000 1.000000 0.000000
3
11.000000 -11.000000 15.000000 0.000000 1.000000 0.000000
13.000000 -11.000000 15.000000 0.000000 1.000000 0.000000
13.000000 -11.000000 0.000000 0.000000 1.000000 0.000000
3
11.000000 -11.000000 0.000000 -1.000000 0.000000 0.000000
11.000000 -13.000000 0.000000 -1.000000 0.000000 0.000000
11.000000 -13.000000 15.000000 -1.000000 0.000000 0.000000
3
11.000000 -13.000000 15.000000 -1.000000 0.000000 0.000000
11.000000 -11.000000 15.000000 -1.000000 0.000000 0.000000
11.000000 -11.000000 0.000000 -1.000000 0.000000 0.000000
3
-13.000000 -13.000000 15.000000 0.000000 0.000000 -1.000000
-13.000000 13.000000 15.000000 0.000000 0.000000 -1.000000
13.000000 13.000000 15.000000 0.000000 0.000000 -1.000000
3
13.000000 13.000000 15.000000 0.000000 0.000000 -1.000000
13.000000 -13.000000 15.000000 0.000000 0.000000 -1.000000
-13.000000 -13.000000 15.000000 0.000000 0.000000 -1.000000
3
-13.000000 -13.000000 17.000000 0.000000 0.000000 1.000000
13.000000 -13.000000 17.000000 0.000000 0.000000 1.000000
13.000000 13.000000 17.000000 0.000000 0.000000 1.000000
3
13.000000 13.000000 17.000000 0.000000 0.000000 1.000000
-13.000000 13.000000 17.000000 0.000000 0.000000 1.000000
-13.000000 -13.000000 17.000000 0.000000 0.000000 1.000000
3
-13.000000 -13.000000 15.000000 0.000000 -1.000000 0.000000
13.000000 -13.000000 15.000000 0.000000 -1.000000 0.000000
13.000000 -13.000000 17.000000 0.000000 -1.000000 0.000000
3
13.000000 -13.000000 17.000000 0.000000 -1.000000 0.000000
-13.000000 -13.000000 17.000000 0.000000 -1.000000 0.000000
-13.000000 -13.000000 15.000000 0.000000 -1.000000 0.000000
3
13.000000 -13.000000 15.000000 1.000000 0.000000 0.000000
13.000000 13.000000 15.000000 1.000000 0.000000 0.000000
13.000000 13.000000 17.000000 1.000000 0.000000 0.000000
3
13.000000 13.000000 17.000000 1.000000 0.000000 0.000000
13.000000 -13.000000 17.000000 1.000000 0.000000 0.000000
13.000000 -13.000000 15.000000 1.000000 0.000000 0.000000
3
13.000000 13.000000 15.000000 0.000000 1.000000 0.000000
-13.000000 13.000000 15.000000 0.000000 1.000000 0.000000
-13.000000 13.000000 17.000000 0.000000 1.000000 0.000000
3
-13.000000 13.000000 17.000000 0.000000 1.000000 0.000000
13.000000 13.000000 17.000000 0.000000 1.000000 0.000000
13.000000 13.000000 15.000000 0.000000 1.000000 0.000000
3
-13.000000 13.000000 15.000000 -1.000000 0.000000 0.000000
-13.000000 -13.000000 15.000000 -1.000000 0.000000 0.000000
-13.000000 -13.000000 17.000000 -1.000000 0.000000 0.000000
3
-13.000000 -13.000000 17.000000 -1.000000 0.000000 0.000000
-13.000000 13.000000 17.000000 -1.000000 0.000000 0.000000
-13.000000 13.000000 15.000000 -1.000000 0.000000 0.000000
